Date,Code,AdjClose,Close,ST,FreeFloatA,Industry,TotalShare
2007-01-04,SSE_600687,1.5980614094,4.65,0.0,5911.0,有色,12688.9
2007-01-05,SSE_600687,1.6118081742,4.69,0.0,5911.0,有色,12688.9
2007-01-08,SSE_600687,1.6496117774,4.8,0.0,5911.0,有色,12688.9
2007-01-09,SSE_600687,1.6564851598,4.82,0.0,5911.0,有色,12688.9
2007-01-10,SSE_600687,1.6358650126,4.76,0.0,5911.0,有色,12688.9
2007-01-11,SSE_600687,1.6736686159,4.87,0.0,5911.0,有色,12688.9
2007-01-12,SSE_600687,1.5671311886,4.56,0.0,5911.0,有色,12688.9
2007-01-15,SSE_600687,1.6118081742,4.69,0.0,5911.0,有色,12688.9
2007-01-16,SSE_600687,1.6358650126,4.76,0.0,5911.0,有色,12688.9
2007-01-17,SSE_600687,1.6014981006,4.66,0.0,5911.0,有色,12688.9
2007-01-18,SSE_600687,1.6564851598,4.82,0.0,5911.0,有色,12688.9
2007-01-19,SSE_600687,1.7045988367,4.96,0.0,5911.0,有色,12688.9
2007-01-22,SSE_600687,1.7698959695,5.15,0.0,5911.0,有色,12688.9
2007-01-23,SSE_600687,1.8351931024,5.34,0.0,5911.0,有色,12688.9
2007-01-24,SSE_600687,1.8248830288,5.31,0.0,5911.0,有色,12688.9
2007-01-25,SSE_600687,1.6977254543,4.94,0.0,5911.0,有色,12688.9
2007-01-26,SSE_600687,1.6839786895,4.9,0.0,5911.0,有色,12688.9
2007-01-29,SSE_600687,1.7836427343,5.19,0.0,5911.0,有色,12688.9
2007-01-30,SSE_600687,1.811136264,5.27,0.0,5911.0,有色,12688.9
2007-01-31,SSE_600687,1.6942887631,4.93,0.0,5911.0,有色,12688.9
2007-02-02,SSE_600687,1.6736686159,4.87,0.0,5911.0,有色,12688.9
2007-02-05,SSE_600687,1.7252189839,5.02,0.0,5911.0,有色,12688.9
2007-02-06,SSE_600687,1.7733326607,5.16,0.0,5911.0,有色,12688.9
2007-02-07,SSE_600687,1.7836427343,5.19,0.0,5911.0,有色,12688.9
2007-02-08,SSE_600687,1.8248830288,5.31,0.0,5911.0,有色,12688.9
2007-02-09,SSE_600687,1.8592499408,5.41,0.0,5911.0,有色,12688.9
2007-02-12,SSE_600687,1.9039269265,5.54,0.0,5911.0,有色,12688.9
2007-02-13,SSE_600687,1.9108003089,5.56,0.0,5911.0,有色,12688.9
2007-02-14,SSE_600687,1.9211103825,5.59,0.0,5911.0,有色,12688.9
2007-02-15,SSE_600687,1.9451672209,5.66,0.0,5911.0,有色,12688.9
2007-02-16,SSE_600687,2.031084501,5.91,0.0,5911.0,有色,12688.9
2007-02-26,SSE_600687,2.1101283986,6.14,0.0,5911.0,有色,12688.9
2007-02-27,SSE_600687,1.9795341329,5.76,0.0,5911.0,有色,12688.9
2007-02-28,SSE_600687,2.1788622227,6.34,0.0,5911.0,有色,12688.9
2007-03-01,SSE_600687,2.3953737685,6.97,0.0,5911.0,有色,12688.9
2007-03-02,SSE_600687,2.3094564884,6.72,0.0,5911.0,有色,12688.9
2007-03-05,SSE_600687,2.1926089875,6.38,0.0,5911.0,有色,12688.9
2007-03-06,SSE_600687,2.1960456787,6.39,0.0,5911.0,有色,12688.9
2007-03-07,SSE_600687,2.251032738,6.55,0.0,5911.0,有色,12688.9
2007-03-08,SSE_600687,2.268216194,6.6,0.0,5911.0,有色,12688.9
2007-03-09,SSE_600687,2.2647795028,6.59,0.0,5911.0,有色,12688.9
2007-03-12,SSE_600687,2.3678802389,6.89,0.0,5911.0,有色,12688.9
2007-03-13,SSE_600687,2.3781903125,6.92,0.0,5911.0,有色,12688.9
2007-03-14,SSE_600687,2.4950378134,7.26,0.0,5911.0,有色,12688.9
2007-03-15,SSE_600687,2.488164431,7.24,0.0,5911.0,有色,12688.9
2007-03-16,SSE_600687,2.3644435477,6.88,0.0,5911.0,有色,12688.9
2007-03-19,SSE_600687,2.3300766356,6.78,0.0,5911.0,有色,12688.9
2007-03-20,SSE_600687,2.3678802389,6.89,0.0,5911.0,有色,12688.9
2007-03-21,SSE_600687,2.4125572245,7.02,0.0,5911.0,有色,12688.9
2007-03-22,SSE_600687,2.5981385495,7.56,0.0,5911.0,有色,12688.9
2007-06-20,SSE_600687,2.8593270809,8.32,0.0,5911.0,有色,12688.9
2007-06-21,SSE_600687,3.1445724507,9.15,0.0,5911.0,有色,12688.9
2007-06-22,SSE_600687,3.4607480414,10.07,0.0,5911.0,有色,12688.9
2007-06-25,SSE_600687,3.8078538529,11.08,0.0,5911.0,有色,12688.9
2007-06-26,SSE_600687,3.4401278942,10.01,0.0,9659.8,有色,12688.9
2007-06-27,SSE_600687,3.5157351007,10.23,0.0,9659.8,有色,12688.9
2007-06-28,SSE_600687,3.2786034076,9.54,0.0,9659.8,有色,12688.9
2007-06-29,SSE_600687,3.505425027,10.2,0.0,9659.8,有色,12688.9
2007-07-02,SSE_600687,3.8559675297,11.22,0.0,9659.8,有色,12688.9
2007-07-05,SSE_600687,3.471058115,10.1,0.0,9659.8,有色,12688.9
2007-07-06,SSE_600687,3.2923501725,9.58,0.0,9659.8,有色,12688.9
2007-07-09,SSE_600687,3.3988875998,9.89,0.0,9659.8,有色,12688.9
2007-07-10,SSE_600687,3.0586551707,8.9,0.0,9659.8,有色,12688.9
2007-07-11,SSE_600687,2.8043400216,8.16,0.0,9659.8,有色,12688.9
2007-07-12,SSE_600687,2.7459162712,7.99,0.0,9659.8,有色,12688.9
2007-07-13,SSE_600687,2.708112668,7.88,0.0,9659.8,有色,12688.9
2007-07-16,SSE_600687,2.6256320791,7.64,0.0,9659.8,有色,12688.9
2007-07-17,SSE_600687,2.6496889175,7.71,0.0,9659.8,有色,12688.9
2007-07-18,SSE_600687,2.5947018583,7.55,0.0,9659.8,有色,12688.9
2007-07-19,SSE_600687,2.8558903897,8.31,0.0,9659.8,有色,12688.9
2007-07-20,SSE_600687,2.8662004633,8.34,0.0,9659.8,有色,12688.9
2007-07-23,SSE_600687,2.9486810522,8.58,0.0,9659.8,有色,12688.9
2007-07-24,SSE_600687,2.8971306841,8.43,0.0,9659.8,有色,12688.9
2007-07-25,SSE_600687,2.9211875225,8.5,0.0,9659.8,有色,12688.9
2007-07-26,SSE_600687,2.979611273,8.67,0.0,9659.8,有色,12688.9
2007-07-27,SSE_600687,3.1961228188,9.3,0.0,9659.8,有色,12688.9
2007-07-30,SSE_600687,3.2442364956,9.44,0.0,9659.8,有色,12688.9
2007-07-31,SSE_600687,3.2648566428,9.5,0.0,9659.8,有色,12688.9
2007-08-01,SSE_600687,2.945244361,8.57,0.0,9659.8,有色,12688.9
2007-08-02,SSE_600687,2.9864846554,8.69,0.0,9659.8,有色,12688.9
2007-08-03,SSE_600687,2.945244361,8.57,0.0,9659.8,有色,12688.9
2007-08-06,SSE_600687,2.9830479642,8.68,0.0,9659.8,有色,12688.9
2007-08-07,SSE_600687,2.9143141401,8.48,0.0,9659.8,有色,12688.9
2007-08-08,SSE_600687,2.9418076698,8.56,0.0,9659.8,有色,12688.9
2007-08-09,SSE_600687,3.1445724507,9.15,0.0,9659.8,有色,12688.9
2007-08-10,SSE_600687,3.2236163484,9.38,0.0,9659.8,有色,12688.9
2007-08-13,SSE_600687,3.0861487003,8.98,0.0,9659.8,有色,12688.9
2007-08-14,SSE_600687,3.1205156123,9.08,0.0,9659.8,有色,12688.9
2007-08-15,SSE_600687,3.0002314202,8.73,0.0,9659.8,有色,12688.9
2007-08-16,SSE_600687,2.9899213466,8.7,0.0,9659.8,有色,12688.9
2007-08-17,SSE_600687,2.9658645082,8.63,0.0,9659.8,有色,12688.9
2007-08-20,SSE_600687,3.0552184795,8.89,0.0,9659.8,有色,12688.9
2007-08-21,SSE_600687,3.1342623771,9.12,0.0,9659.8,有色,12688.9
2007-08-22,SSE_600687,3.1755026716,9.24,0.0,9659.8,有色,12688.9
2007-08-23,SSE_600687,3.1789393628,9.25,0.0,9659.8,有色,12688.9
2007-08-24,SSE_600687,3.3645206877,9.79,0.0,9659.8,有色,12688.9
2007-08-27,SSE_600687,3.3748307613,9.82,0.0,9659.8,有色,12688.9
2007-08-28,SSE_600687,3.2786034076,9.54,0.0,9659.8,有色,12688.9
2007-08-29,SSE_600687,3.3370271581,9.71,0.0,9659.8,有色,12688.9
2007-08-30,SSE_600687,3.4951149534,10.17,0.0,9659.8,有色,12688.9
2007-08-31,SSE_600687,3.4435645854,10.02,0.0,9659.8,有色,12688.9
2007-09-03,SSE_600687,3.4779314974,10.12,0.0,9659.8,有色,12688.9
2007-09-04,SSE_600687,3.4848048798,10.14,0.0,9659.8,有色,12688.9
2007-09-05,SSE_600687,3.3679573789,9.8,0.0,9659.8,有色,12688.9
2007-09-06,SSE_600687,3.4263811294,9.97,0.0,9659.8,有色,12688.9
2007-09-07,SSE_600687,3.2545465692,9.47,0.0,9659.8,有色,12688.9
2007-09-10,SSE_600687,3.2820400988,9.55,0.0,9659.8,有色,12688.9
2007-09-11,SSE_600687,3.233926422,9.41,0.0,9659.8,有色,12688.9
2007-09-12,SSE_600687,3.4744948062,10.11,0.0,9659.8,有色,12688.9
2007-09-13,SSE_600687,3.8216006177,11.12,0.0,9659.8,有色,12688.9
2007-09-14,SSE_600687,4.2030733412,12.23,0.0,9659.8,有色,12688.9
2007-09-17,SSE_600687,4.622349668,13.45,0.0,9659.8,有色,12688.9
2007-09-18,SSE_600687,4.9007216555,14.26,0.0,9659.8,有色,12688.9
2007-09-19,SSE_600687,4.9488353323,14.4,0.0,9659.8,有色,12688.9
2007-09-20,SSE_600687,4.8629180522,14.15,0.0,9659.8,有色,12688.9
2007-09-21,SSE_600687,4.7460705513,13.81,0.0,9659.8,有色,12688.9
2007-09-24,SSE_600687,5.2203339373,15.19,0.0,9659.8,有色,12688.9
2007-09-25,SSE_600687,4.7770007721,13.9,0.0,9659.8,有色,12688.9
2007-09-26,SSE_600687,4.8319878314,14.06,0.0,9659.8,有色,12688.9
2007-09-27,SSE_600687,4.7666906985,13.87,0.0,9659.8,有色,12688.9
2007-09-28,SSE_600687,4.9660187883,14.45,0.0,9659.8,有色,12688.9
2007-10-08,SSE_600687,4.9385252587,14.37,0.0,9659.8,有色,12688.9
2007-10-09,SSE_600687,4.8113676842,14.0,0.0,9659.8,有色,12688.9
2007-10-10,SSE_600687,4.7838741546,13.92,0.0,9659.8,有色,12688.9
2007-10-11,SSE_600687,4.6189129768,13.44,0.0,9659.8,有色,12688.9
2007-10-12,SSE_600687,4.4470784167,12.94,0.0,9659.8,有色,12688.9
2007-10-15,SSE_600687,4.5123755495,13.13,0.0,9659.8,有色,12688.9
2007-10-16,SSE_600687,4.7770007721,13.9,0.0,9659.8,有色,12688.9
2007-10-17,SSE_600687,4.8904115818,14.23,0.0,9659.8,有色,12688.9
2007-10-18,SSE_600687,4.7701273897,13.88,0.0,9659.8,有色,12688.9
2007-10-19,SSE_600687,4.5604892264,13.27,0.0,9659.8,有色,12688.9
2007-10-22,SSE_600687,4.4608251815,12.98,0.0,9659.8,有色,12688.9
2007-10-23,SSE_600687,4.4333316518,12.9,0.0,9659.8,有色,12688.9
2007-10-24,SSE_600687,4.4436417255,12.93,0.0,9659.8,有色,12688.9
2007-10-25,SSE_600687,4.0621690019,11.82,0.0,9659.8,有色,12688.9
2007-10-26,SSE_600687,4.0449855459,11.77,0.0,9659.8,有色,12688.9
2007-10-29,SSE_600687,4.0930992228,11.91,0.0,9659.8,有色,12688.9
2007-10-30,SSE_600687,4.1240294436,12.0,0.0,9659.8,有色,12688.9
2007-10-31,SSE_600687,4.2614970917,12.4,0.0,9659.8,有色,12688.9
2007-11-01,SSE_600687,4.3474143718,12.65,0.0,9659.8,有色,12688.9
2007-11-02,SSE_600687,4.3611611366,12.69,0.0,9659.8,有色,12688.9
2007-11-05,SSE_600687,4.3267942246,12.59,0.0,9659.8,有色,12688.9
2007-11-06,SSE_600687,4.7598173161,13.85,0.0,9659.8,有色,12688.9
2007-11-07,SSE_600687,4.7048302569,13.69,0.0,9659.8,有色,12688.9
2007-11-08,SSE_600687,4.5329956967,13.19,0.0,9659.8,有色,12688.9
2007-11-09,SSE_600687,4.3886546662,12.77,0.0,9659.8,有色,12688.9
2007-11-12,SSE_600687,4.3611611366,12.69,0.0,9659.8,有色,12688.9
2007-11-13,SSE_600687,4.5604892264,13.27,0.0,9659.8,有色,12688.9
2007-11-14,SSE_600687,4.6017295208,13.39,0.0,9659.8,有色,12688.9
2007-11-15,SSE_600687,4.4642618727,12.99,0.0,9659.8,有色,12688.9
2007-11-16,SSE_600687,4.4436417255,12.93,0.0,9659.8,有色,12688.9
2007-11-19,SSE_600687,4.6429698152,13.51,0.0,9659.8,有色,12688.9
2007-11-20,SSE_600687,4.6876468009,13.64,0.0,9659.8,有色,12688.9
2007-11-21,SSE_600687,4.6807734185,13.62,0.0,9659.8,有色,12688.9
2007-11-22,SSE_600687,4.553615844,13.25,0.0,9659.8,有色,12688.9
2007-11-23,SSE_600687,4.8354245226,14.07,0.0,9659.8,有色,12688.9
2007-11-26,SSE_600687,4.9144684203,14.3,0.0,9659.8,有色,12688.9
2007-11-27,SSE_600687,5.1550368045,15.0,0.0,9659.8,有色,12688.9
2007-11-28,SSE_600687,4.8869748906,14.22,0.0,9659.8,有色,12688.9
2007-11-29,SSE_600687,4.9213418027,14.32,0.0,9659.8,有色,12688.9
2007-11-30,SSE_600687,5.3234346734,15.49,0.0,9659.8,有色,12688.9
2007-12-03,SSE_600687,5.3543648942,15.58,0.0,9659.8,有色,12688.9
2007-12-04,SSE_600687,5.2409540845,15.25,0.0,9659.8,有色,12688.9
2007-12-05,SSE_600687,5.2134605549,15.17,0.0,9659.8,有色,12688.9
2007-12-06,SSE_600687,5.7358376178,16.69,0.0,9659.8,有色,12688.9
2007-12-07,SSE_600687,5.6911606321,16.56,0.0,9659.8,有色,12688.9
2007-12-10,SSE_600687,5.7598944562,16.76,0.0,9659.8,有色,12688.9
2007-12-11,SSE_600687,6.0485765173,17.6,0.0,9659.8,有色,12688.9
2007-12-12,SSE_600687,6.1688607094,17.95,0.0,9659.8,有色,12688.9
2007-12-13,SSE_600687,5.57087644,16.21,0.0,9659.8,有色,12688.9
2007-12-14,SSE_600687,5.8973621043,17.16,0.0,9659.8,有色,12688.9
2007-12-17,SSE_600687,5.7805146034,16.82,0.0,9659.8,有色,12688.9
2007-12-18,SSE_600687,5.4987059248,16.0,0.0,9659.8,有色,12688.9
2007-12-19,SSE_600687,5.5743131312,16.22,0.0,9659.8,有色,12688.9
2007-12-20,SSE_600687,5.6808505585,16.53,0.0,9659.8,有色,12688.9
2007-12-21,SSE_600687,5.9626592372,17.35,0.0,9659.8,有色,12688.9
2007-12-24,SSE_600687,5.9248556339,17.24,0.0,9659.8,有色,12688.9
2007-12-25,SSE_600687,5.9832793844,17.41,0.0,9659.8,有色,12688.9
2007-12-26,SSE_600687,5.6877239409,16.55,0.0,9659.8,有色,12688.9
2007-12-27,SSE_600687,5.8389383539,16.99,0.0,9659.8,有色,12688.9
2007-12-28,SSE_600687,5.9007987955,17.17,0.0,9659.8,有色,12688.9
2008-01-02,SSE_600687,5.9007987955,17.17,0.0,9659.8,有色,12688.9
2008-01-03,SSE_600687,5.7495843826,16.73,0.0,9659.8,有色,12688.9
2008-01-04,SSE_600687,5.8320649715,16.97,0.0,9659.8,有色,12688.9
2008-01-07,SSE_600687,5.9970261492,17.45,0.0,9659.8,有色,12688.9
2008-01-08,SSE_600687,5.7289642354,16.67,0.0,9659.8,有色,12688.9
2008-01-09,SSE_600687,5.8870520307,17.13,0.0,9659.8,有色,12688.9
2008-01-10,SSE_600687,6.213537695,18.08,0.0,9659.8,有色,12688.9
2008-01-11,SSE_600687,5.9042354867,17.18,0.0,9659.8,有色,12688.9
2008-01-14,SSE_600687,5.8389383539,16.99,0.0,9659.8,有色,12688.9
2008-01-15,SSE_600687,5.7530210738,16.74,0.0,9659.8,有色,12688.9
2008-01-16,SSE_600687,5.3749850415,15.64,0.0,9659.8,有色,12688.9
2008-01-17,SSE_600687,5.2203339373,15.19,0.0,9659.8,有色,12688.9
2008-01-18,SSE_600687,5.3028145262,15.43,0.0,9659.8,有色,12688.9
2008-01-21,SSE_600687,4.8732281258,14.18,0.0,9659.8,有色,12688.9
2008-01-22,SSE_600687,4.385217975,12.76,0.0,9659.8,有色,12688.9
2008-01-23,SSE_600687,4.5364323879,13.2,0.0,9659.8,有色,12688.9
2008-01-24,SSE_600687,4.9041583467,14.27,0.0,9659.8,有色,12688.9
2008-01-25,SSE_600687,4.7598173161,13.85,0.0,9659.8,有色,12688.9
2008-01-28,SSE_600687,4.2855539301,12.47,0.0,9659.8,有色,12688.9
2008-01-29,SSE_600687,4.2855539301,12.47,0.0,9659.8,有色,12688.9
2008-01-30,SSE_600687,4.2511870181,12.37,0.0,9659.8,有色,12688.9
2008-01-31,SSE_600687,4.1549596644,12.09,0.0,9659.8,有色,12688.9
2008-02-01,SSE_600687,3.8353473825,11.16,0.0,9659.8,有色,12688.9
2008-02-04,SSE_600687,4.2202567973,12.28,0.0,9659.8,有色,12688.9
2008-04-25,SSE_600687,3.9212646626,11.41,0.0,9659.8,有色,12688.9
2008-04-28,SSE_600687,3.5294818655,10.27,0.0,9659.8,有色,12688.9
2008-04-29,SSE_600687,3.402324291,9.9,0.0,9659.8,有色,12688.9
2008-04-30,SSE_600687,3.6669495136,10.67,0.0,9659.8,有色,12688.9
2008-05-05,SSE_600687,3.9247013538,11.42,0.0,9659.8,有色,12688.9
2008-05-06,SSE_600687,3.7769236321,10.99,0.0,9659.8,有色,12688.9
2008-05-07,SSE_600687,3.9247013538,11.42,0.0,9659.8,有色,12688.9
2008-05-08,SSE_600687,3.9556315746,11.51,0.0,9659.8,有色,12688.9
2008-05-09,SSE_600687,3.7322466464,10.86,0.0,9659.8,有色,12688.9
2008-05-12,SSE_600687,3.5982156895,10.47,0.0,9659.8,有色,12688.9
2008-05-13,SSE_600687,3.8216006177,11.12,0.0,10294.3,有色,12688.9
2008-05-15,SSE_600687,3.7459934113,10.9,0.0,10294.3,有色,12688.9
2008-05-16,SSE_600687,3.7459934113,10.9,0.0,10294.3,有色,12688.9
2008-05-19,SSE_600687,3.7631768673,10.95,0.0,10294.3,有色,12688.9
2008-05-20,SSE_600687,3.436691203,10.0,0.0,10294.3,有色,12688.9
2008-05-21,SSE_600687,3.4985516446,10.18,0.0,10294.3,有色,12688.9
2008-05-22,SSE_600687,3.4744948062,10.11,0.0,10294.3,有色,12688.9
2008-05-23,SSE_600687,3.505425027,10.2,0.0,10294.3,有色,12688.9
2008-05-26,SSE_600687,3.3095336285,9.63,0.0,10294.3,有色,12688.9
2008-05-27,SSE_600687,3.2201796572,9.37,0.0,10294.3,有色,12688.9
2008-05-28,SSE_600687,3.268293334,9.51,0.0,10294.3,有色,12688.9
2008-05-29,SSE_600687,3.0998954651,9.02,0.0,10294.3,有色,12688.9
2008-05-30,SSE_600687,3.1308256859,9.11,0.0,10294.3,有色,12688.9
2008-06-02,SSE_600687,3.1686292892,9.22,0.0,10294.3,有色,12688.9
2008-06-03,SSE_600687,3.1239523035,9.09,0.0,10294.3,有色,12688.9
2008-06-04,SSE_600687,3.1926861276,9.29,0.0,10294.3,有色,12688.9
2008-06-05,SSE_600687,3.0792753179,8.96,0.0,10294.3,有色,12688.9
2008-06-06,SSE_600687,3.0895853915,8.99,0.0,10294.3,有色,12688.9
2008-06-10,SSE_600687,2.7802831832,8.09,0.0,10294.3,有色,12688.9
2008-06-11,SSE_600687,2.7527896536,8.01,0.0,10294.3,有色,12688.9
2008-06-12,SSE_600687,2.7630997272,8.04,0.0,10294.3,有色,12688.9
2008-06-13,SSE_600687,2.7287328152,7.94,0.0,10294.3,有色,12688.9
2008-06-16,SSE_600687,3.0002314202,8.73,0.0,10294.3,有色,12688.9
2008-06-17,SSE_600687,3.048345097,8.87,0.0,10294.3,有色,12688.9
2008-06-18,SSE_600687,3.1514458331,9.17,0.0,10294.3,有色,12688.9
2008-06-19,SSE_600687,3.1170789211,9.07,0.0,10294.3,有色,12688.9
2008-06-20,SSE_600687,3.0002314202,8.73,0.0,10294.3,有色,12688.9
2008-06-23,SSE_600687,2.7012392855,7.86,0.0,10294.3,有色,12688.9
2008-06-24,SSE_600687,2.4537975189,7.14,0.0,10294.3,有色,12688.9
2008-06-25,SSE_600687,2.574081711,7.49,0.0,10294.3,有色,12688.9
2008-06-26,SSE_600687,2.6462522263,7.7,0.0,10294.3,有色,12688.9
2008-06-27,SSE_600687,2.3816270037,6.93,0.0,10294.3,有色,12688.9
2008-07-01,SSE_600687,2.1444953107,6.24,0.0,10294.3,有色,12688.9
2008-07-02,SSE_600687,2.1101283986,6.14,0.0,10294.3,有色,12688.9
2008-07-03,SSE_600687,2.1754255315,6.33,0.0,10294.3,有色,12688.9
2008-07-04,SSE_600687,2.1341852371,6.21,0.0,10294.3,有色,12688.9
2008-07-07,SSE_600687,2.2991464148,6.69,0.0,10294.3,有色,12688.9
2008-07-08,SSE_600687,2.336950018,6.8,0.0,10294.3,有色,12688.9
2008-07-09,SSE_600687,2.4400507541,7.1,0.0,10294.3,有色,12688.9
2008-07-10,SSE_600687,2.3438234004,6.82,0.0,10294.3,有色,12688.9
2008-07-11,SSE_600687,2.2991464148,6.69,0.0,10294.3,有色,12688.9
2008-07-14,SSE_600687,2.3747536213,6.91,0.0,10294.3,有色,12688.9
2008-07-15,SSE_600687,2.2785262676,6.63,0.0,10294.3,有色,12688.9
2008-07-16,SSE_600687,2.1204384722,6.17,0.0,10294.3,有色,12688.9
2008-07-17,SSE_600687,2.1685521491,6.31,0.0,10294.3,有色,12688.9
2008-07-18,SSE_600687,2.319766562,6.75,0.0,10294.3,有色,12688.9
2008-07-21,SSE_600687,2.4572342101,7.15,0.0,10294.3,有色,12688.9
2008-07-22,SSE_600687,2.4159939157,7.03,0.0,10294.3,有色,12688.9
2008-07-23,SSE_600687,2.3678802389,6.89,0.0,10294.3,有色,12688.9
2008-07-24,SSE_600687,2.4366140629,7.09,0.0,10294.3,有色,12688.9
2008-07-25,SSE_600687,2.3747536213,6.91,0.0,10294.3,有色,12688.9
2008-07-28,SSE_600687,2.4022471509,6.99,0.0,10294.3,有色,12688.9
2008-07-29,SSE_600687,2.3747536213,6.91,0.0,10294.3,有色,12688.9
2008-07-30,SSE_600687,2.5294047254,7.36,0.0,10294.3,有色,12688.9
2008-07-31,SSE_600687,2.3438234004,6.82,0.0,10294.3,有色,12688.9
2008-08-01,SSE_600687,2.3232032532,6.76,0.0,10294.3,有色,12688.9
2008-08-04,SSE_600687,2.2991464148,6.69,0.0,10294.3,有色,12688.9
2008-08-05,SSE_600687,2.3060197972,6.71,0.0,10294.3,有色,12688.9
2008-08-06,SSE_600687,2.4159939157,7.03,0.0,10294.3,有色,12688.9
2008-08-07,SSE_600687,2.5259680342,7.35,0.0,10294.3,有色,12688.9
2008-08-08,SSE_600687,2.2750895764,6.62,0.0,10294.3,有色,12688.9
2008-08-11,SSE_600687,2.048267957,5.96,0.0,10294.3,有色,12688.9
2008-08-12,SSE_600687,1.8558132496,5.4,0.0,10294.3,有色,12688.9
2008-08-13,SSE_600687,1.8936168528,5.51,0.0,10294.3,有色,12688.9
2008-08-14,SSE_600687,1.8420664848,5.36,0.0,10294.3,有色,12688.9
2008-08-15,SSE_600687,1.8592499408,5.41,0.0,10294.3,有色,12688.9
2008-08-18,SSE_600687,1.6736686159,4.87,0.0,10294.3,有色,12688.9
2008-08-19,SSE_600687,1.7045988367,4.96,0.0,10294.3,有色,12688.9
2008-08-20,SSE_600687,1.8729967056,5.45,0.0,10294.3,有色,12688.9
2008-08-21,SSE_600687,1.8248830288,5.31,0.0,10294.3,有色,12688.9
2008-08-22,SSE_600687,1.7802060431,5.18,0.0,10294.3,有色,12688.9
2008-08-25,SSE_600687,1.7664592783,5.14,0.0,10294.3,有色,12688.9
2008-08-26,SSE_600687,1.6633585422,4.84,0.0,10294.3,有色,12688.9
2008-08-27,SSE_600687,1.7149089103,4.99,0.0,10294.3,有色,12688.9
2008-08-28,SSE_600687,1.7320923663,5.04,0.0,10294.3,有色,12688.9
2008-08-29,SSE_600687,1.8145729552,5.28,0.0,10294.3,有色,12688.9
2008-09-01,SSE_600687,1.9967175889,5.81,0.0,10294.3,有色,12688.9
2008-09-02,SSE_600687,2.1960456787,6.39,0.0,10294.3,有色,12688.9
2008-09-03,SSE_600687,2.1513686931,6.26,0.0,10294.3,有色,12688.9
2008-09-04,SSE_600687,2.1066917074,6.13,0.0,10294.3,有色,12688.9
2008-09-05,SSE_600687,1.9932808977,5.8,0.0,10294.3,有色,12688.9
2008-09-08,SSE_600687,1.9589139857,5.7,0.0,10294.3,有色,12688.9
2008-09-09,SSE_600687,2.0379578834,5.93,0.0,10294.3,有色,12688.9
2008-09-10,SSE_600687,1.8936168528,5.51,0.0,10294.3,有色,12688.9
2008-09-11,SSE_600687,1.7045988367,4.96,0.0,10294.3,有色,12688.9
2008-09-12,SSE_600687,1.5774412622,4.59,0.0,10294.3,有色,12688.9
2008-09-16,SSE_600687,1.4296635404,4.16,0.0,10294.3,有色,12688.9
2008-09-17,SSE_600687,1.4468469965,4.21,0.0,10294.3,有色,12688.9
2008-09-18,SSE_600687,1.591188027,4.63,0.0,10294.3,有色,12688.9
2008-09-19,SSE_600687,1.7492758223,5.09,0.0,10294.3,有色,12688.9
2008-09-22,SSE_600687,1.897053544,5.52,0.0,10294.3,有色,12688.9
2008-09-23,SSE_600687,1.7320923663,5.04,0.0,10294.3,有色,12688.9
2008-09-24,SSE_600687,1.7561492047,5.11,0.0,10294.3,有色,12688.9
2008-09-25,SSE_600687,1.7355290575,5.05,0.0,10294.3,有色,12688.9
2008-09-26,SSE_600687,1.6702319246,4.86,0.0,10294.3,有色,12688.9
2008-10-06,SSE_600687,1.6530484686,4.81,0.0,10294.3,有色,12688.9
2008-10-07,SSE_600687,1.625554939,4.73,0.0,10294.3,有色,12688.9
2008-10-08,SSE_600687,1.6358650126,4.76,0.0,10294.3,有色,12688.9
2008-10-09,SSE_600687,1.5362009677,4.47,0.0,10294.3,有色,12688.9
2008-10-10,SSE_600687,1.3815498636,4.02,0.0,10294.3,有色,12688.9
2008-10-13,SSE_600687,1.4331002316,4.17,0.0,10294.3,有色,12688.9
2008-10-14,SSE_600687,1.336872878,3.89,0.0,10294.3,有色,12688.9
2008-10-15,SSE_600687,1.3403095692,3.9,0.0,10294.3,有色,12688.9
2008-10-16,SSE_600687,1.2509555979,3.64,0.0,10294.3,有色,12688.9
2008-10-17,SSE_600687,1.3746764812,4.0,0.0,10294.3,有色,12688.9
2008-10-20,SSE_600687,1.388423246,4.04,0.0,10294.3,有色,12688.9
2008-10-21,SSE_600687,1.3952966284,4.06,0.0,10294.3,有色,12688.9
2008-10-22,SSE_600687,1.3471829516,3.92,0.0,10294.3,有色,12688.9
2008-10-23,SSE_600687,1.3609297164,3.96,0.0,10294.3,有色,12688.9
2008-10-24,SSE_600687,1.3643664076,3.97,0.0,10294.3,有色,12688.9
2008-10-27,SSE_600687,1.2268987595,3.57,0.0,10294.3,有色,12688.9
2008-10-28,SSE_600687,1.2200253771,3.55,0.0,10294.3,有色,12688.9
2008-10-29,SSE_600687,1.3437462604,3.91,0.0,10294.3,有色,12688.9
2008-10-30,SSE_600687,1.2818858187,3.73,0.0,10294.3,有色,12688.9
2008-10-31,SSE_600687,1.2475189067,3.63,0.0,10294.3,有色,12688.9
2008-11-03,SSE_600687,1.2165886859,3.54,0.0,10294.3,有色,12688.9
2008-11-04,SSE_600687,1.1925318474,3.47,0.0,10294.3,有色,12688.9
2008-11-05,SSE_600687,1.2406455243,3.61,0.0,10294.3,有色,12688.9
2008-11-06,SSE_600687,1.2131519947,3.53,0.0,10294.3,有色,12688.9
2008-11-07,SSE_600687,1.2131519947,3.53,0.0,10294.3,有色,12688.9
2008-11-10,SSE_600687,1.3025059659,3.79,0.0,10294.3,有色,12688.9
2008-11-11,SSE_600687,1.2887592011,3.75,0.0,10294.3,有色,12688.9
2008-11-12,SSE_600687,1.3643664076,3.97,0.0,10294.3,有色,12688.9
2008-11-13,SSE_600687,1.405606702,4.09,0.0,10294.3,有色,12688.9
2008-11-14,SSE_600687,1.4605937613,4.25,0.0,10294.3,有色,12688.9
2008-11-17,SSE_600687,1.5258908941,4.44,0.0,10294.3,有色,12688.9
2008-11-18,SSE_600687,1.3746764812,4.0,0.0,10294.3,有色,12688.9
2008-11-19,SSE_600687,1.4915239821,4.34,0.0,10294.3,有色,12688.9
2008-11-20,SSE_600687,1.5533844237,4.52,0.0,10294.3,有色,12688.9
2008-11-21,SSE_600687,1.4915239821,4.34,0.0,10294.3,有色,12688.9
2008-11-24,SSE_600687,1.4605937613,4.25,0.0,10294.3,有色,12688.9
2008-11-25,SSE_600687,1.4365369228,4.18,0.0,10294.3,有色,12688.9
2008-11-26,SSE_600687,1.4331002316,4.17,0.0,10294.3,有色,12688.9
2008-11-27,SSE_600687,1.4365369228,4.18,0.0,10294.3,有色,12688.9
2008-11-28,SSE_600687,1.405606702,4.09,0.0,10294.3,有色,12688.9
2008-12-01,SSE_600687,1.5430743501,4.49,0.0,10294.3,有色,12688.9
2008-12-02,SSE_600687,1.5190175117,4.42,0.0,10294.3,有色,12688.9
2008-12-03,SSE_600687,1.6702319246,4.86,0.0,10294.3,有色,12688.9
2008-12-04,SSE_600687,1.6358650126,4.76,0.0,10294.3,有色,12688.9
2008-12-05,SSE_600687,1.8008261904,5.24,0.0,10294.3,有色,12688.9
2008-12-08,SSE_600687,1.9795341329,5.76,0.0,10294.3,有色,12688.9
2008-12-09,SSE_600687,1.9520406033,5.68,0.0,10294.3,有色,12688.9
2008-12-10,SSE_600687,1.9932808977,5.8,0.0,10294.3,有色,12688.9
2008-12-11,SSE_600687,1.879870088,5.47,0.0,10294.3,有色,12688.9
2008-12-12,SSE_600687,1.7355290575,5.05,0.0,10294.3,有色,12688.9
2008-12-16,SSE_600687,1.7698959695,5.15,0.0,10294.3,有色,12688.9
2008-12-17,SSE_600687,1.8317564112,5.33,0.0,10294.3,有色,12688.9
2008-12-18,SSE_600687,1.8592499408,5.41,0.0,10294.3,有色,12688.9
2008-12-19,SSE_600687,1.8523765584,5.39,0.0,10294.3,有色,12688.9
2008-12-22,SSE_600687,1.8936168528,5.51,0.0,10294.3,有色,12688.9
2008-12-23,SSE_600687,1.7149089103,4.99,0.0,10294.3,有色,12688.9
2008-12-24,SSE_600687,1.5808779534,4.6,0.0,10294.3,有色,12688.9
2008-12-25,SSE_600687,1.6771053071,4.88,0.0,10294.3,有色,12688.9
2008-12-26,SSE_600687,1.6633585422,4.84,0.0,10294.3,有色,12688.9
2008-12-29,SSE_600687,1.7664592783,5.14,0.0,10294.3,有色,12688.9
2008-12-30,SSE_600687,1.6977254543,4.94,0.0,10294.3,有色,12688.9
2008-12-31,SSE_600687,1.6152448654,4.7,0.0,10294.3,有色,12688.9
2009-01-05,SSE_600687,1.6667952334,4.85,0.0,10294.3,有色,12688.9
2009-01-06,SSE_600687,1.7252189839,5.02,0.0,10294.3,有色,12688.9
2009-01-07,SSE_600687,1.8042628816,5.25,0.0,10294.3,有色,12688.9
2009-01-08,SSE_600687,1.7183456015,5.0,0.0,10294.3,有色,12688.9
2009-01-09,SSE_600687,1.7595858959,5.12,0.0,10294.3,有色,12688.9
2009-01-12,SSE_600687,1.7802060431,5.18,0.0,10294.3,有色,12688.9
2009-01-13,SSE_600687,1.6908520719,4.92,0.0,10294.3,有色,12688.9
2009-01-14,SSE_600687,1.7389657487,5.06,0.0,10294.3,有色,12688.9
2009-01-16,SSE_600687,1.7802060431,5.18,0.0,10294.3,有色,12688.9
2009-01-19,SSE_600687,1.7458391311,5.08,0.0,10294.3,有色,12688.9
2009-01-20,SSE_600687,1.7561492047,5.11,0.0,10294.3,有色,12688.9
2009-01-21,SSE_600687,1.793952808,5.22,0.0,10294.3,有色,12688.9
2009-01-22,SSE_600687,1.9004902352,5.53,0.0,10294.3,有色,12688.9
2009-01-23,SSE_600687,1.7973894992,5.23,0.0,10294.3,有色,12688.9
2009-02-02,SSE_600687,1.8489398672,5.38,0.0,10294.3,有色,12688.9
2009-02-03,SSE_600687,1.9039269265,5.54,0.0,10294.3,有色,12688.9
2009-02-04,SSE_600687,1.9760974417,5.75,0.0,10294.3,有色,12688.9
2009-02-05,SSE_600687,1.9211103825,5.59,0.0,10294.3,有色,12688.9
2009-02-06,SSE_600687,2.0001542801,5.82,0.0,10294.3,有色,12688.9
2009-02-09,SSE_600687,2.0688881042,6.02,0.0,10294.3,有色,12688.9
2009-02-10,SSE_600687,2.1651154579,6.3,0.0,10294.3,有色,12688.9
2009-02-11,SSE_600687,2.1273118546,6.19,0.0,10294.3,有色,12688.9
2009-02-12,SSE_600687,2.319766562,6.75,0.0,10294.3,有色,12688.9
2009-02-13,SSE_600687,2.3300766356,6.78,0.0,10294.3,有色,12688.9
2009-02-16,SSE_600687,2.3747536213,6.91,0.0,10294.3,有色,12688.9
2009-02-17,SSE_600687,2.2922730324,6.67,0.0,10294.3,有色,12688.9
2009-02-18,SSE_600687,2.1582420755,6.28,0.0,10294.3,有色,12688.9
2009-02-19,SSE_600687,2.2338492819,6.5,0.0,10294.3,有色,12688.9
2009-02-20,SSE_600687,2.3094564884,6.72,0.0,10294.3,有色,12688.9
2009-02-23,SSE_600687,2.3506967828,6.84,0.0,10294.3,有色,12688.9
2009-02-24,SSE_600687,2.1513686931,6.26,0.0,10294.3,有色,12688.9
2009-02-25,SSE_600687,2.1513686931,6.26,0.0,10294.3,有色,12688.9
2009-02-26,SSE_600687,2.0001542801,5.82,0.0,10294.3,有色,12688.9
2009-02-27,SSE_600687,1.8008261904,5.24,0.0,10294.3,有色,12688.9
2009-03-02,SSE_600687,1.8351931024,5.34,0.0,10294.3,有色,12688.9
2009-03-03,SSE_600687,1.8936168528,5.51,0.0,10294.3,有色,12688.9
2009-03-04,SSE_600687,1.9795341329,5.76,0.0,10294.3,有色,12688.9
2009-03-05,SSE_600687,1.9520406033,5.68,0.0,10294.3,有色,12688.9
2009-03-06,SSE_600687,1.9623506769,5.71,0.0,10294.3,有色,12688.9
2009-03-09,SSE_600687,1.8867434704,5.49,0.0,10294.3,有色,12688.9
2009-03-10,SSE_600687,1.9726607505,5.74,0.0,10294.3,有色,12688.9
2009-03-11,SSE_600687,2.0207744274,5.88,0.0,10294.3,有色,12688.9
2009-03-12,SSE_600687,2.048267957,5.96,0.0,10294.3,有色,12688.9
2009-03-13,SSE_600687,2.065451413,6.01,0.0,10294.3,有色,12688.9
2009-03-16,SSE_600687,1.9898442065,5.79,0.0,10294.3,有色,12688.9
2009-03-17,SSE_600687,2.0963816338,6.1,0.0,10294.3,有色,12688.9
2009-03-18,SSE_600687,2.082634869,6.06,0.0,10294.3,有色,12688.9
2009-03-19,SSE_600687,2.1101283986,6.14,0.0,10294.3,有色,12688.9
2009-03-20,SSE_600687,2.0413945746,5.94,0.0,10294.3,有色,12688.9
2009-03-23,SSE_600687,2.0620147218,6.0,0.0,10294.3,有色,12688.9
2009-03-24,SSE_600687,2.1444953107,6.24,0.0,10294.3,有色,12688.9
2009-03-25,SSE_600687,2.0620147218,6.0,0.0,10294.3,有色,12688.9
2009-03-26,SSE_600687,2.0963816338,6.1,0.0,10294.3,有色,12688.9
2009-03-27,SSE_600687,2.1135650898,6.15,0.0,10294.3,有色,12688.9
2009-03-30,SSE_600687,2.1616787667,6.29,0.0,10294.3,有色,12688.9
2009-03-31,SSE_600687,2.2441593555,6.53,0.0,10294.3,有色,12688.9
2009-04-01,SSE_600687,2.2372859731,6.51,0.0,10294.3,有色,12688.9
2009-04-02,SSE_600687,2.1822989139,6.35,0.0,10294.3,有色,12688.9
2009-04-03,SSE_600687,2.2957097236,6.68,0.0,10294.3,有色,12688.9
2009-04-07,SSE_600687,2.336950018,6.8,0.0,10294.3,有色,12688.9
2009-04-08,SSE_600687,2.3781903125,6.92,0.0,10294.3,有色,12688.9
2009-04-09,SSE_600687,2.5259680342,7.35,0.0,10294.3,有色,12688.9
2009-04-10,SSE_600687,2.6462522263,7.7,0.0,10294.3,有色,12688.9
2009-04-13,SSE_600687,2.6187586967,7.62,0.0,10294.3,有色,12688.9
2009-04-14,SSE_600687,2.6531256087,7.72,0.0,10294.3,有色,12688.9
2009-04-15,SSE_600687,2.6565622999,7.73,0.0,10294.3,有色,12688.9
2009-04-16,SSE_600687,2.5809550934,7.51,0.0,10294.3,有色,12688.9
2009-04-17,SSE_600687,2.4503608277,7.13,0.0,10294.3,有色,12688.9
2009-04-20,SSE_600687,2.6943659031,7.84,0.0,10294.3,有色,12688.9
2009-04-21,SSE_600687,2.6840558295,7.81,0.0,10294.3,有色,12688.9
2009-04-22,SSE_600687,2.5294047254,7.36,0.0,10294.3,有色,12688.9
2009-04-23,SSE_600687,2.5431514902,7.4,0.0,10294.3,有色,12688.9
2009-04-24,SSE_600687,2.522531343,7.34,0.0,10294.3,有色,12688.9
2009-04-27,SSE_600687,2.4572342101,7.15,0.0,10294.3,有色,12688.9
2009-04-28,SSE_600687,2.4847277398,7.23,0.0,10294.3,有色,12688.9
2009-04-29,SSE_600687,2.5122212694,7.31,0.0,12570.4,有色,12688.9
2009-04-30,SSE_600687,2.6015752407,7.57,0.0,12570.4,有色,12688.9
2009-05-04,SSE_600687,2.7149860504,7.9,0.0,12570.4,有色,12688.9
2009-05-05,SSE_600687,2.7665364184,8.05,0.0,12570.4,有色,12688.9
2009-05-06,SSE_600687,2.7974666392,8.14,0.0,12570.4,有色,12688.9
2009-05-07,SSE_600687,3.0758386267,8.95,0.0,12570.4,有色,12688.9
2009-05-08,SSE_600687,2.9899213466,8.7,0.0,12570.4,有色,12688.9
2009-05-11,SSE_600687,2.7356061976,7.96,0.0,12570.4,有色,12688.9
2009-05-12,SSE_600687,2.8421436249,8.27,0.0,12570.4,有色,12688.9
2009-05-13,SSE_600687,2.8043400216,8.16,0.0,12570.4,有色,12688.9
2009-05-14,SSE_600687,2.8180867864,8.2,0.0,12570.4,有色,12688.9
2009-05-15,SSE_600687,2.8043400216,8.16,0.0,12570.4,有色,12688.9
2009-05-18,SSE_600687,2.9143141401,8.48,0.0,12570.4,有色,12688.9
2009-05-19,SSE_600687,2.9040040665,8.45,0.0,12570.4,有色,12688.9
2009-05-20,SSE_600687,2.8455803161,8.28,0.0,12570.4,有色,12688.9
2009-05-21,SSE_600687,2.7562263448,8.02,0.0,12570.4,有色,12688.9
2009-05-22,SSE_600687,2.8318335513,8.24,0.0,12570.4,有色,12688.9
2009-05-25,SSE_600687,2.8662004633,8.34,0.0,12570.4,有色,12688.9
2009-05-26,SSE_600687,2.8627637721,8.33,0.0,12570.4,有色,12688.9
2009-05-27,SSE_600687,3.1480091419,9.16,0.0,12570.4,有色,12688.9
2009-07-02,SSE_600687,3.4641847326,10.08,0.0,12570.4,有色,12688.9
2009-07-03,SSE_600687,3.8112905441,11.09,0.0,12570.4,有色,12688.9
2009-07-07,SSE_600687,4.1927632676,12.2,0.0,12570.4,有色,12688.9
2009-07-08,SSE_600687,4.0278020899,11.72,0.0,12570.4,有色,12688.9
2009-07-09,SSE_600687,3.928138045,11.43,0.0,12570.4,有色,12688.9
2009-07-10,SSE_600687,3.8559675297,11.22,0.0,12570.4,有色,12688.9
2009-07-13,SSE_600687,3.9178279714,11.4,0.0,12570.4,有色,12688.9
2009-07-14,SSE_600687,3.9590682658,11.52,0.0,12570.4,有色,12688.9
2009-07-15,SSE_600687,3.9659416482,11.54,0.0,12570.4,有色,12688.9
2009-07-16,SSE_600687,4.0999726052,11.93,0.0,12570.4,有色,12688.9
2009-07-17,SSE_600687,4.5089388583,13.12,0.0,12570.4,有色,12688.9
2009-07-20,SSE_600687,4.4264582694,12.88,0.0,12570.4,有色,12688.9
2009-07-21,SSE_600687,4.1034092964,11.94,0.0,12570.4,有色,12688.9
2009-07-22,SSE_600687,4.0346754723,11.74,0.0,12570.4,有色,12688.9
2009-07-23,SSE_600687,4.0003085603,11.64,0.0,12570.4,有色,12688.9
2009-07-24,SSE_600687,3.9315747362,11.44,0.0,12570.4,有色,12688.9
2009-07-27,SSE_600687,4.0449855459,11.77,0.0,12570.4,有色,12688.9
2009-07-28,SSE_600687,3.9899984867,11.61,0.0,12570.4,有色,12688.9
2009-07-29,SSE_600687,3.7322466464,10.86,0.0,12570.4,有色,12688.9
2009-07-30,SSE_600687,3.65663944,10.64,0.0,12570.4,有色,12688.9
2009-07-31,SSE_600687,3.7700502497,10.97,0.0,12570.4,有色,12688.9
2009-08-03,SSE_600687,3.7975437793,11.05,0.0,12570.4,有色,12688.9
2009-08-04,SSE_600687,3.7528667937,10.92,0.0,12570.4,有色,12688.9
2009-08-05,SSE_600687,3.7631768673,10.95,0.0,12570.4,有色,12688.9
2009-08-06,SSE_600687,3.7734869409,10.98,0.0,12570.4,有色,12688.9
2009-08-07,SSE_600687,3.7219365728,10.83,0.0,12570.4,有色,12688.9
2009-08-10,SSE_600687,3.6978797344,10.76,0.0,12570.4,有色,12688.9
2009-08-11,SSE_600687,3.7116264992,10.8,0.0,12570.4,有色,12688.9
2009-08-12,SSE_600687,3.419507747,9.95,0.0,12570.4,有色,12688.9
2009-08-13,SSE_600687,3.3954509085,9.88,0.0,12570.4,有色,12688.9
2009-08-14,SSE_600687,3.1755026716,9.24,0.0,12570.4,有色,12688.9
2009-08-17,SSE_600687,2.9383709786,8.55,0.0,12570.4,有色,12688.9
2009-08-18,SSE_600687,3.0345983322,8.83,0.0,12570.4,有色,12688.9
2009-08-19,SSE_600687,2.8730738457,8.36,0.0,12570.4,有色,12688.9
2009-08-20,SSE_600687,2.9899213466,8.7,0.0,12570.4,有色,12688.9
2009-08-21,SSE_600687,3.0586551707,8.9,0.0,12570.4,有色,12688.9
2009-08-24,SSE_600687,3.0861487003,8.98,0.0,12570.4,有色,12688.9
2009-08-25,SSE_600687,2.9589911258,8.61,0.0,12688.9,有色,12688.9
2009-08-26,SSE_600687,3.2545465692,9.47,0.0,12688.9,有色,12688.9
2009-08-27,SSE_600687,3.2854767901,9.56,0.0,12688.9,有色,12688.9
2009-08-28,SSE_600687,3.1239523035,9.09,0.0,12688.9,有色,12688.9
2009-08-31,SSE_600687,2.811213404,8.18,0.0,12688.9,有色,12688.9
2009-09-01,SSE_600687,3.0930220827,9.0,0.0,12688.9,有色,12688.9
2009-09-02,SSE_600687,3.1892494364,9.28,0.0,12688.9,有色,12688.9
2009-09-03,SSE_600687,3.251109878,9.46,0.0,12688.9,有色,12688.9
2009-09-04,SSE_600687,3.2407998044,9.43,0.0,12688.9,有色,12688.9
2009-09-07,SSE_600687,3.2992235549,9.6,0.0,12688.9,有色,12688.9
2009-09-08,SSE_600687,3.2957868637,9.59,0.0,12688.9,有色,12688.9
2009-09-09,SSE_600687,3.2579832604,9.48,0.0,12688.9,有色,12688.9
2009-09-10,SSE_600687,3.2786034076,9.54,0.0,12688.9,有色,12688.9
2009-09-11,SSE_600687,3.4848048798,10.14,0.0,12688.9,有色,12688.9
2009-09-14,SSE_600687,3.5088617182,10.21,0.0,12688.9,有色,12688.9
2009-09-15,SSE_600687,3.505425027,10.2,0.0,12688.9,有色,12688.9
2009-09-16,SSE_600687,3.639455984,10.59,0.0,12688.9,有色,12688.9
2009-09-17,SSE_600687,3.7872337057,11.02,0.0,12688.9,有色,12688.9
2009-09-18,SSE_600687,3.488241571,10.15,0.0,12688.9,有色,12688.9
2009-09-21,SSE_600687,3.4504379678,10.04,0.0,12688.9,有色,12688.9
2009-09-22,SSE_600687,3.3473372317,9.74,0.0,12688.9,有色,12688.9
2009-09-23,SSE_600687,3.1651925979,9.21,0.0,12688.9,有色,12688.9
2009-09-24,SSE_600687,3.1205156123,9.08,0.0,12688.9,有色,12688.9
2009-09-25,SSE_600687,3.1548825243,9.18,0.0,12688.9,有色,12688.9
2009-09-28,SSE_600687,3.0414717146,8.85,0.0,12688.9,有色,12688.9
2009-09-29,SSE_600687,2.9864846554,8.69,0.0,12688.9,有色,12688.9
2009-09-30,SSE_600687,2.9693011994,8.64,0.0,12688.9,有色,12688.9
2009-10-09,SSE_600687,3.1308256859,9.11,0.0,12688.9,有色,12688.9
2009-10-12,SSE_600687,3.1273889947,9.1,0.0,12688.9,有色,12688.9
2009-10-13,SSE_600687,3.1961228188,9.3,0.0,12688.9,有色,12688.9
2009-10-14,SSE_600687,3.2751667164,9.53,0.0,12688.9,有色,12688.9
2009-10-15,SSE_600687,3.233926422,9.41,0.0,12688.9,有色,12688.9
2009-10-16,SSE_600687,3.2270530396,9.39,0.0,12688.9,有色,12688.9
2009-10-19,SSE_600687,3.3301537757,9.69,0.0,12688.9,有色,12688.9
2009-10-20,SSE_600687,3.5466653215,10.32,0.0,12688.9,有色,12688.9
2009-10-21,SSE_600687,3.5122984094,10.22,0.0,12688.9,有色,12688.9
2009-10-22,SSE_600687,3.4848048798,10.14,0.0,12688.9,有色,12688.9
2009-10-23,SSE_600687,3.5913423071,10.45,0.0,12688.9,有色,12688.9
2009-10-26,SSE_600687,3.6600761312,10.65,0.0,12688.9,有色,12688.9
2009-10-27,SSE_600687,3.5122984094,10.22,0.0,12688.9,有色,12688.9
2009-10-28,SSE_600687,3.4641847326,10.08,0.0,12688.9,有色,12688.9
2009-10-29,SSE_600687,3.3610839965,9.78,0.0,12688.9,有色,12688.9
2009-10-30,SSE_600687,3.3817041437,9.84,0.0,12688.9,有色,12688.9
2009-11-02,SSE_600687,3.4813681886,10.13,0.0,12688.9,有色,12688.9
2009-11-03,SSE_600687,3.6050890719,10.49,0.0,12688.9,有色,12688.9
2009-11-04,SSE_600687,3.8868977506,11.31,0.0,12688.9,有色,12688.9
2009-11-05,SSE_600687,3.8250373089,11.13,0.0,12688.9,有色,12688.9
2009-11-06,SSE_600687,3.7631768673,10.95,0.0,12688.9,有色,12688.9
2009-11-09,SSE_600687,3.7459934113,10.9,0.0,12688.9,有色,12688.9
2009-11-10,SSE_600687,3.7494301025,10.91,0.0,12688.9,有色,12688.9
2009-11-11,SSE_600687,3.7150631904,10.81,0.0,12688.9,有色,12688.9
2009-11-12,SSE_600687,3.7288099552,10.85,0.0,12688.9,有色,12688.9
2009-11-13,SSE_600687,3.7322466464,10.86,0.0,12688.9,有色,12688.9
2009-11-17,SSE_600687,3.7975437793,11.05,0.0,12688.9,有色,12688.9
2009-11-18,SSE_600687,3.7528667937,10.92,0.0,12688.9,有色,12688.9
2009-11-19,SSE_600687,3.8387840737,11.17,0.0,12688.9,有色,12688.9
2009-11-20,SSE_600687,3.8903344418,11.32,0.0,12688.9,有色,12688.9
2009-11-23,SSE_600687,3.9212646626,11.41,0.0,12688.9,有色,12688.9
2009-11-24,SSE_600687,3.5775955423,10.41,0.0,12688.9,有色,12688.9
2009-11-25,SSE_600687,3.6600761312,10.65,0.0,12688.9,有色,12688.9
2009-11-26,SSE_600687,3.4848048798,10.14,0.0,12688.9,有色,12688.9
2009-11-27,SSE_600687,3.3645206877,9.79,0.0,12688.9,有色,12688.9
2009-11-30,SSE_600687,3.5088617182,10.21,0.0,12688.9,有色,12688.9
2009-12-01,SSE_600687,3.6153991455,10.52,0.0,12688.9,有色,12688.9
2009-12-02,SSE_600687,3.7700502497,10.97,0.0,12688.9,有色,12688.9
2009-12-03,SSE_600687,3.8731509858,11.27,0.0,12688.9,有色,12688.9
2009-12-04,SSE_600687,3.725373264,10.84,0.0,12688.9,有色,12688.9
2009-12-07,SSE_600687,3.7391200288,10.88,0.0,12688.9,有色,12688.9
2009-12-08,SSE_600687,3.7734869409,10.98,0.0,12688.9,有色,12688.9
2009-12-09,SSE_600687,3.7563034849,10.93,0.0,12688.9,有色,12688.9
2009-12-10,SSE_600687,3.7219365728,10.83,0.0,12688.9,有色,12688.9
2009-12-11,SSE_600687,3.8800243682,11.29,0.0,12688.9,有色,12688.9
2009-12-14,SSE_600687,3.8868977506,11.31,0.0,12688.9,有色,12688.9
2009-12-15,SSE_600687,3.8216006177,11.12,0.0,12688.9,有色,12688.9
2009-12-16,SSE_600687,3.7803603233,11.0,0.0,12688.9,有色,12688.9
2009-12-17,SSE_600687,3.691006352,10.74,0.0,12688.9,有色,12688.9
2009-12-18,SSE_600687,3.6188358367,10.53,0.0,12688.9,有色,12688.9
2009-12-21,SSE_600687,3.639455984,10.59,0.0,12688.9,有色,12688.9
2009-12-22,SSE_600687,3.5019883358,10.19,0.0,12688.9,有色,12688.9
2009-12-23,SSE_600687,3.5672854687,10.38,0.0,12688.9,有色,12688.9
2009-12-24,SSE_600687,3.6360192928,10.58,0.0,12688.9,有色,12688.9
2009-12-25,SSE_600687,3.639455984,10.59,0.0,12688.9,有色,12688.9
2009-12-28,SSE_600687,3.7322466464,10.86,0.0,12688.9,有色,12688.9
2009-12-29,SSE_600687,3.7700502497,10.97,0.0,12688.9,有色,12688.9
2009-12-30,SSE_600687,3.7047531168,10.78,0.0,12688.9,有色,12688.9
2009-12-31,SSE_600687,3.6841329696,10.72,0.0,12688.9,有色,12688.9
2010-01-04,SSE_600687,3.7322466464,10.86,0.0,12688.9,有色,12688.9
2010-01-05,SSE_600687,3.7150631904,10.81,0.0,12688.9,有色,12688.9
2010-01-06,SSE_600687,3.7528667937,10.92,0.0,12688.9,有色,12688.9
2010-01-07,SSE_600687,3.5810322335,10.42,0.0,12688.9,有色,12688.9
2010-01-08,SSE_600687,3.488241571,10.15,0.0,12688.9,有色,12688.9
2010-01-11,SSE_600687,3.5088617182,10.21,0.0,12688.9,有色,12688.9
2010-01-12,SSE_600687,3.5397919391,10.3,0.0,12688.9,有色,12688.9
2010-01-14,SSE_600687,3.5535387039,10.34,0.0,12688.9,有色,12688.9
2010-01-15,SSE_600687,3.5535387039,10.34,0.0,12688.9,有色,12688.9
2010-01-18,SSE_600687,3.6050890719,10.49,0.0,12688.9,有色,12688.9
2010-01-19,SSE_600687,3.5707221599,10.39,0.0,12688.9,有色,12688.9
2010-01-20,SSE_600687,3.4779314974,10.12,0.0,12688.9,有色,12688.9
2010-01-21,SSE_600687,3.5535387039,10.34,0.0,12688.9,有色,12688.9
2010-01-22,SSE_600687,3.3610839965,9.78,0.0,12688.9,有色,12688.9
2010-01-25,SSE_600687,3.3817041437,9.84,0.0,12688.9,有色,12688.9
2010-01-26,SSE_600687,3.1858127452,9.27,0.0,12688.9,有色,12688.9
2010-01-27,SSE_600687,3.1961228188,9.3,0.0,12688.9,有色,12688.9
2010-01-28,SSE_600687,3.3301537757,9.69,0.0,12688.9,有色,12688.9
2010-01-29,SSE_600687,3.3095336285,9.63,0.0,12688.9,有色,12688.9
2010-02-01,SSE_600687,3.4332545118,9.99,0.0,12688.9,有色,12688.9
2010-02-02,SSE_600687,3.4573113502,10.06,0.0,12688.9,有色,12688.9
2010-02-03,SSE_600687,3.453874659,10.05,0.0,12688.9,有色,12688.9
2010-02-04,SSE_600687,3.4504379678,10.04,0.0,12688.9,有色,12688.9
2010-02-05,SSE_600687,3.5604120863,10.36,0.0,12688.9,有色,12688.9
2010-02-08,SSE_600687,3.4573113502,10.06,0.0,12688.9,有色,12688.9
2010-02-09,SSE_600687,3.3576473053,9.77,0.0,12688.9,有色,12688.9
2010-02-10,SSE_600687,3.3851408349,9.85,0.0,12688.9,有色,12688.9
2010-02-11,SSE_600687,3.4057609822,9.91,0.0,12688.9,有色,12688.9
2010-02-12,SSE_600687,3.3817041437,9.84,0.0,12688.9,有色,12688.9
2010-02-22,SSE_600687,3.3645206877,9.79,0.0,12688.9,有色,12688.9
2010-02-23,SSE_600687,3.3232803933,9.67,0.0,12688.9,有色,12688.9
2010-02-24,SSE_600687,3.3748307613,9.82,0.0,12688.9,有色,12688.9
2010-02-25,SSE_600687,3.4573113502,10.06,0.0,12688.9,有色,12688.9
2010-02-26,SSE_600687,3.4573113502,10.06,0.0,12688.9,有色,12688.9
2010-03-01,SSE_600687,3.4985516446,10.18,0.0,12688.9,有色,12688.9
2010-03-02,SSE_600687,3.5294818655,10.27,0.0,12688.9,有色,12688.9
2010-03-03,SSE_600687,3.6085257631,10.5,0.0,12688.9,有色,12688.9
2010-03-04,SSE_600687,3.4779314974,10.12,0.0,12688.9,有色,12688.9
2010-03-05,SSE_600687,3.5535387039,10.34,0.0,12688.9,有色,12688.9
2010-03-08,SSE_600687,3.5913423071,10.45,0.0,12688.9,有色,12688.9
2010-03-09,SSE_600687,3.6085257631,10.5,0.0,12688.9,有色,12688.9
2010-03-10,SSE_600687,3.5191717919,10.24,0.0,12688.9,有色,12688.9
2010-03-11,SSE_600687,3.4607480414,10.07,0.0,12688.9,有色,12688.9
2010-03-12,SSE_600687,3.3610839965,9.78,0.0,12688.9,有色,12688.9
2010-03-15,SSE_600687,3.3473372317,9.74,0.0,12688.9,有色,12688.9
2010-03-16,SSE_600687,3.4091976734,9.92,0.0,12688.9,有色,12688.9
2010-03-17,SSE_600687,3.4848048798,10.14,0.0,12688.9,有色,12688.9
2010-03-18,SSE_600687,3.5638487775,10.37,0.0,12688.9,有色,12688.9
2010-03-19,SSE_600687,3.5501020127,10.33,0.0,12688.9,有色,12688.9
2010-03-22,SSE_600687,3.5913423071,10.45,0.0,12688.9,有色,12688.9
2010-03-23,SSE_600687,3.5122984094,10.22,0.0,12688.9,有色,12688.9
2010-03-24,SSE_600687,3.5157351007,10.23,0.0,12688.9,有色,12688.9
2010-03-25,SSE_600687,3.4263811294,9.97,0.0,12688.9,有色,12688.9
2010-03-26,SSE_600687,3.4057609822,9.91,0.0,12688.9,有色,12688.9
2010-03-29,SSE_600687,3.4091976734,9.92,0.0,12688.9,有色,12688.9
2010-03-31,SSE_600687,3.471058115,10.1,0.0,12688.9,有色,12688.9
2010-04-01,SSE_600687,3.4779314974,10.12,0.0,12688.9,有色,12688.9
2010-04-02,SSE_600687,3.5260451743,10.26,0.0,12688.9,有色,12688.9
2010-04-06,SSE_600687,3.5604120863,10.36,0.0,12688.9,有色,12688.9
2010-04-07,SSE_600687,3.5363552479,10.29,0.0,12688.9,有色,12688.9
2010-04-08,SSE_600687,3.5329185567,10.28,0.0,12688.9,有色,12688.9
2010-04-09,SSE_600687,3.5913423071,10.45,0.0,12688.9,有色,12688.9
2010-04-12,SSE_600687,3.6016523807,10.48,0.0,12688.9,有色,12688.9
2010-04-13,SSE_600687,3.4641847326,10.08,0.0,12688.9,有色,12688.9
2010-04-14,SSE_600687,3.5569753951,10.35,0.0,12688.9,有色,12688.9
2010-04-15,SSE_600687,3.5019883358,10.19,0.0,12688.9,有色,12688.9
2010-04-16,SSE_600687,3.5466653215,10.32,0.0,12688.9,有色,12688.9
2010-04-19,SSE_600687,3.4298178206,9.98,0.0,12688.9,有色,12688.9
2010-04-20,SSE_600687,3.4470012766,10.03,0.0,12688.9,有色,12688.9
2010-04-21,SSE_600687,3.5947789983,10.46,0.0,12688.9,有色,12688.9
2010-04-22,SSE_600687,3.5810322335,10.42,0.0,12688.9,有色,12688.9
2010-04-23,SSE_600687,3.7528667937,10.92,0.0,12688.9,有色,12688.9
2010-04-26,SSE_600687,3.708189808,10.79,0.0,12688.9,有色,12688.9
2010-04-27,SSE_600687,3.5707221599,10.39,0.0,12688.9,有色,12688.9
2010-04-28,SSE_600687,3.505425027,10.2,0.0,12688.9,有色,12688.9
2010-04-29,SSE_600687,3.4401278942,10.01,0.0,12688.9,有色,12688.9
2010-04-30,SSE_600687,3.2270530396,9.39,0.0,12688.9,有色,12688.9
2010-05-04,SSE_600687,3.1926861276,9.29,0.0,12688.9,有色,12688.9
2010-05-05,SSE_600687,3.2614199516,9.49,0.0,12688.9,有色,12688.9
2010-05-06,SSE_600687,3.1583192155,9.19,0.0,12688.9,有色,12688.9
2010-05-07,SSE_600687,3.1583192155,9.19,0.0,12688.9,有色,12688.9
2010-05-10,SSE_600687,3.2133062748,9.35,0.0,12688.9,有色,12688.9
2010-05-11,SSE_600687,3.3782674525,9.83,0.0,12688.9,有色,12688.9
2010-05-12,SSE_600687,3.1411357595,9.14,0.0,12688.9,有色,12688.9
2010-05-13,SSE_600687,3.0655285531,8.92,0.0,12688.9,有色,12688.9
2010-05-14,SSE_600687,3.1067688475,9.04,0.0,12688.9,有色,12688.9
2010-05-17,SSE_600687,2.8009033304,8.15,0.0,12688.9,有色,12688.9
2010-05-18,SSE_600687,2.7665364184,8.05,0.0,12688.9,有色,12688.9
2010-05-19,SSE_600687,2.7149860504,7.9,0.0,12688.9,有色,12688.9
2010-05-20,SSE_600687,2.6909292119,7.83,0.0,12688.9,有色,12688.9
2010-05-21,SSE_600687,2.6840558295,7.81,0.0,12688.9,有色,12688.9
2010-05-24,SSE_600687,2.7734098008,8.07,0.0,12688.9,有色,12688.9
2010-05-25,SSE_600687,2.74247958,7.98,0.0,12688.9,有色,12688.9
2010-05-27,SSE_600687,2.794029948,8.13,0.0,12688.9,有色,12688.9
2010-05-28,SSE_600687,2.7974666392,8.14,0.0,12688.9,有色,12688.9
2010-05-31,SSE_600687,2.7149860504,7.9,0.0,12688.9,有色,12688.9
2010-06-01,SSE_600687,2.8387069337,8.26,0.0,12688.9,有色,12688.9
2010-06-02,SSE_600687,2.8009033304,8.15,0.0,12688.9,有色,12688.9
2010-06-03,SSE_600687,2.7356061976,7.96,0.0,12688.9,有色,12688.9
2010-06-04,SSE_600687,2.6943659031,7.84,0.0,12688.9,有色,12688.9
2010-06-07,SSE_600687,2.6118853143,7.6,0.0,12688.9,有色,12688.9
2010-06-08,SSE_600687,2.6531256087,7.72,0.0,12688.9,有色,12688.9
2010-06-09,SSE_600687,2.7149860504,7.9,0.0,12688.9,有色,12688.9
2010-06-10,SSE_600687,2.7184227416,7.91,0.0,12688.9,有色,12688.9
2010-06-17,SSE_600687,2.7149860504,7.9,0.0,12688.9,有色,12688.9
2010-06-18,SSE_600687,2.7046759767,7.87,0.0,12688.9,有色,12688.9
2010-06-21,SSE_600687,2.8009033304,8.15,0.0,12688.9,有色,12688.9
2010-06-22,SSE_600687,2.8455803161,8.28,0.0,12688.9,有色,12688.9
2010-06-23,SSE_600687,2.8249601689,8.22,0.0,12688.9,有色,12688.9
2010-06-24,SSE_600687,2.9418076698,8.56,0.0,12688.9,有色,12688.9
2010-06-25,SSE_600687,2.9177508313,8.49,0.0,12688.9,有色,12688.9
2010-06-28,SSE_600687,2.7871565656,8.11,0.0,12688.9,有色,12688.9
2010-06-29,SSE_600687,2.5431514902,7.4,0.0,12688.9,有色,12688.9
2010-06-30,SSE_600687,2.4469241365,7.12,0.0,12688.9,有色,12688.9
2010-07-01,SSE_600687,2.3988104597,6.98,0.0,12688.9,有色,12688.9
2010-07-02,SSE_600687,2.4503608277,7.13,0.0,12688.9,有色,12688.9
2010-07-05,SSE_600687,2.3988104597,6.98,0.0,12688.9,有色,12688.9
2010-07-06,SSE_600687,2.4812910486,7.22,0.0,12688.9,有色,12688.9
2010-07-07,SSE_600687,2.4847277398,7.23,0.0,12688.9,有色,12688.9
2010-07-08,SSE_600687,2.488164431,7.24,0.0,12688.9,有色,12688.9
2010-07-09,SSE_600687,2.5431514902,7.4,0.0,12688.9,有色,12688.9
2010-07-12,SSE_600687,2.574081711,7.49,0.0,12688.9,有色,12688.9
2010-07-13,SSE_600687,2.5259680342,7.35,0.0,12688.9,有色,12688.9
2010-07-14,SSE_600687,2.5500248726,7.42,0.0,12688.9,有色,12688.9
2010-07-15,SSE_600687,2.4812910486,7.22,0.0,12688.9,有色,12688.9
2010-07-16,SSE_600687,2.4572342101,7.15,0.0,12688.9,有色,12688.9
2010-07-19,SSE_600687,2.5328414166,7.37,0.0,12688.9,有色,12688.9
2010-07-20,SSE_600687,2.6978025943,7.85,0.0,12688.9,有色,12688.9
2010-07-21,SSE_600687,2.6978025943,7.85,0.0,12688.9,有色,12688.9
2010-07-22,SSE_600687,2.7115493592,7.89,0.0,12688.9,有色,12688.9
2010-07-23,SSE_600687,2.6909292119,7.83,0.0,12688.9,有色,12688.9
2010-07-26,SSE_600687,2.7046759767,7.87,0.0,12688.9,有色,12688.9
2010-07-27,SSE_600687,2.6874925207,7.82,0.0,12688.9,有色,12688.9
2010-07-28,SSE_600687,2.8215234776,8.21,0.0,12688.9,有色,12688.9
2010-07-29,SSE_600687,2.8662004633,8.34,0.0,12688.9,有色,12688.9
2010-07-30,SSE_600687,2.8490170073,8.29,0.0,12688.9,有色,12688.9
2010-08-02,SSE_600687,2.9108774489,8.47,0.0,12688.9,有色,12688.9
2010-08-03,SSE_600687,2.8180867864,8.2,0.0,12688.9,有色,12688.9
2010-08-04,SSE_600687,2.8490170073,8.29,0.0,12688.9,有色,12688.9
2010-08-05,SSE_600687,2.8593270809,8.32,0.0,12688.9,有色,12688.9
2010-08-06,SSE_600687,2.8902573017,8.41,0.0,12688.9,有色,12688.9
2010-08-09,SSE_600687,2.9246242137,8.51,0.0,12688.9,有色,12688.9
2010-08-10,SSE_600687,2.8249601689,8.22,0.0,12688.9,有色,12688.9
2010-08-11,SSE_600687,2.8490170073,8.29,0.0,12688.9,有色,12688.9
2010-08-12,SSE_600687,2.8009033304,8.15,0.0,12688.9,有色,12688.9
2010-08-13,SSE_600687,2.8387069337,8.26,0.0,12688.9,有色,12688.9
2010-08-16,SSE_600687,2.9074407577,8.46,0.0,12688.9,有色,12688.9
2010-08-17,SSE_600687,2.9177508313,8.49,0.0,12688.9,有色,12688.9
2010-08-18,SSE_600687,2.945244361,8.57,0.0,12688.9,有色,12688.9
2010-08-19,SSE_600687,2.9658645082,8.63,0.0,12688.9,有色,12688.9
2010-08-20,SSE_600687,3.2579832604,9.48,0.0,12688.9,有色,12688.9
2010-08-23,SSE_600687,3.2442364956,9.44,0.0,12688.9,有色,12688.9
2010-08-24,SSE_600687,3.1583192155,9.19,0.0,12688.9,有色,12688.9
2010-08-25,SSE_600687,3.0242882586,8.8,0.0,12688.9,有色,12688.9
2010-08-26,SSE_600687,3.048345097,8.87,0.0,12688.9,有色,12688.9
2010-08-27,SSE_600687,3.1067688475,9.04,0.0,12688.9,有色,12688.9
2010-08-30,SSE_600687,3.1308256859,9.11,0.0,12688.9,有色,12688.9
2010-08-31,SSE_600687,3.1342623771,9.12,0.0,12688.9,有色,12688.9
2010-09-01,SSE_600687,3.4470012766,10.03,0.0,12688.9,有色,12688.9
2010-09-02,SSE_600687,3.453874659,10.05,0.0,12688.9,有色,12688.9
2010-09-03,SSE_600687,3.4298178206,9.98,0.0,12688.9,有色,12688.9
2010-09-06,SSE_600687,3.436691203,10.0,0.0,12688.9,有色,12688.9
2010-09-07,SSE_600687,3.4126343646,9.93,0.0,12688.9,有色,12688.9
2010-09-08,SSE_600687,3.4985516446,10.18,0.0,12688.9,有色,12688.9
2010-09-09,SSE_600687,3.4504379678,10.04,0.0,12688.9,有色,12688.9
2010-09-10,SSE_600687,3.5844689247,10.43,0.0,12688.9,有色,12688.9
2010-09-13,SSE_600687,3.5741588511,10.4,0.0,12688.9,有色,12688.9
2010-09-14,SSE_600687,3.673822896,10.69,0.0,12688.9,有色,12688.9
2010-09-15,SSE_600687,3.5844689247,10.43,0.0,12688.9,有色,12688.9
2010-09-16,SSE_600687,3.3817041437,9.84,0.0,12688.9,有色,12688.9
2010-09-17,SSE_600687,3.4229444382,9.96,0.0,12688.9,有色,12688.9
2010-09-20,SSE_600687,3.4332545118,9.99,0.0,12688.9,有色,12688.9
2010-09-21,SSE_600687,3.3954509085,9.88,0.0,12688.9,有色,12688.9
2010-09-27,SSE_600687,3.4676214238,10.09,0.0,12688.9,有色,12688.9
2010-09-28,SSE_600687,3.5329185567,10.28,0.0,12688.9,有色,12688.9
2010-09-29,SSE_600687,3.4332545118,9.99,0.0,12688.9,有色,12688.9
2010-09-30,SSE_600687,3.4504379678,10.04,0.0,12688.9,有色,12688.9
2010-10-08,SSE_600687,3.4676214238,10.09,0.0,12688.9,有色,12688.9
2010-10-11,SSE_600687,3.5088617182,10.21,0.0,12688.9,有色,12688.9
2010-10-12,SSE_600687,3.4916782622,10.16,0.0,12688.9,有色,12688.9
2010-10-13,SSE_600687,3.6600761312,10.65,0.0,12688.9,有色,12688.9
2010-10-14,SSE_600687,3.488241571,10.15,0.0,12688.9,有色,12688.9
2010-10-15,SSE_600687,3.5122984094,10.22,0.0,12688.9,有色,12688.9
2010-10-18,SSE_600687,3.3026602461,9.61,0.0,12688.9,有色,12688.9
2010-10-19,SSE_600687,3.3851408349,9.85,0.0,12688.9,有色,12688.9
2010-10-20,SSE_600687,3.3782674525,9.83,0.0,12688.9,有色,12688.9
2010-10-21,SSE_600687,3.3610839965,9.78,0.0,12688.9,有色,12688.9
2010-10-22,SSE_600687,3.3817041437,9.84,0.0,12688.9,有色,12688.9
2010-10-25,SSE_600687,3.402324291,9.9,0.0,12688.9,有色,12688.9
2010-10-26,SSE_600687,3.3920142173,9.87,0.0,12688.9,有色,12688.9
2010-10-27,SSE_600687,3.5088617182,10.21,0.0,12688.9,有色,12688.9
2010-10-28,SSE_600687,3.7666135585,10.96,0.0,12688.9,有色,12688.9
2010-10-29,SSE_600687,3.6772595872,10.7,0.0,12688.9,有色,12688.9
2010-11-01,SSE_600687,3.7219365728,10.83,0.0,12688.9,有色,12688.9
2010-11-02,SSE_600687,3.7872337057,11.02,0.0,12688.9,有色,12688.9
2010-11-03,SSE_600687,4.165269738,12.12,0.0,12688.9,有色,12688.9
2010-11-08,SSE_600687,4.0003085603,11.64,0.0,12688.9,有色,12688.9
2010-11-09,SSE_600687,3.8216006177,11.12,0.0,12688.9,有色,12688.9
2010-11-10,SSE_600687,3.8731509858,11.27,0.0,12688.9,有色,12688.9
2010-11-11,SSE_600687,3.7837970145,11.01,0.0,12688.9,有色,12688.9
2010-11-12,SSE_600687,3.4160710558,9.94,0.0,12688.9,有色,12688.9
2010-11-15,SSE_600687,3.453874659,10.05,0.0,12688.9,有色,12688.9
2010-11-16,SSE_600687,3.2992235549,9.6,0.0,12688.9,有色,12688.9
2010-11-17,SSE_600687,3.1892494364,9.28,0.0,12688.9,有色,12688.9
2010-11-18,SSE_600687,3.2236163484,9.38,0.0,12688.9,有色,12688.9
2010-11-19,SSE_600687,3.2717300252,9.52,0.0,12688.9,有色,12688.9
2010-11-22,SSE_600687,3.3095336285,9.63,0.0,12688.9,有色,12688.9
2010-11-23,SSE_600687,3.3851408349,9.85,0.0,12688.9,有色,12688.9
2010-11-24,SSE_600687,3.5501020127,10.33,0.0,12688.9,有色,12688.9
2010-11-25,SSE_600687,3.5226084831,10.25,0.0,12688.9,有色,12688.9
2010-11-26,SSE_600687,3.5397919391,10.3,0.0,12688.9,有色,12688.9
2010-11-29,SSE_600687,3.6188358367,10.53,0.0,12688.9,有色,12688.9
2010-11-30,SSE_600687,3.4779314974,10.12,0.0,12688.9,有色,12688.9
2010-12-01,SSE_600687,3.5088617182,10.21,0.0,12688.9,有色,12688.9
2010-12-02,SSE_600687,3.6016523807,10.48,0.0,12688.9,有色,12688.9
2010-12-03,SSE_600687,3.5604120863,10.36,0.0,12688.9,有色,12688.9
2010-12-06,SSE_600687,3.4779314974,10.12,0.0,12688.9,有色,12688.9
2010-12-07,SSE_600687,3.5122984094,10.22,0.0,12688.9,有色,12688.9
2010-12-08,SSE_600687,3.4813681886,10.13,0.0,12688.9,有色,12688.9
2010-12-09,SSE_600687,3.3645206877,9.79,0.0,12688.9,有色,12688.9
2010-12-10,SSE_600687,3.5088617182,10.21,0.0,12688.9,有色,12688.9
2010-12-13,SSE_600687,3.5535387039,10.34,0.0,12688.9,有色,12688.9
2010-12-14,SSE_600687,3.5947789983,10.46,0.0,12688.9,有色,12688.9
2010-12-15,SSE_600687,3.5535387039,10.34,0.0,12688.9,有色,12688.9
2010-12-16,SSE_600687,3.6978797344,10.76,0.0,12688.9,有色,12688.9
2010-12-17,SSE_600687,3.7322466464,10.86,0.0,12688.9,有色,12688.9
2010-12-20,SSE_600687,3.7906703969,11.03,0.0,12688.9,有色,12688.9
2010-12-21,SSE_600687,3.8112905441,11.09,0.0,12688.9,有色,12688.9
2010-12-22,SSE_600687,3.7288099552,10.85,0.0,12688.9,有色,12688.9
2010-12-23,SSE_600687,3.6772595872,10.7,0.0,12688.9,有色,12688.9
2010-12-24,SSE_600687,3.6841329696,10.72,0.0,12688.9,有色,12688.9
2010-12-27,SSE_600687,3.5947789983,10.46,0.0,12688.9,有色,12688.9
2010-12-28,SSE_600687,3.4676214238,10.09,0.0,12688.9,有色,12688.9
2010-12-29,SSE_600687,3.5088617182,10.21,0.0,12688.9,有色,12688.9
2010-12-30,SSE_600687,3.5741588511,10.4,0.0,12688.9,有色,12688.9
2010-12-31,SSE_600687,3.6360192928,10.58,0.0,12688.9,有色,12688.9
2011-01-04,SSE_600687,3.7013164256,10.77,0.0,12688.9,有色,12688.9
2011-01-05,SSE_600687,3.725373264,10.84,0.0,12688.9,有色,12688.9
2011-01-06,SSE_600687,3.65663944,10.64,0.0,12688.9,有色,12688.9
2011-01-07,SSE_600687,3.7013164256,10.77,0.0,12688.9,有色,12688.9
2011-01-10,SSE_600687,3.8697142946,11.26,0.0,12688.9,有色,12688.9
2011-01-12,SSE_600687,3.8181639265,11.11,0.0,12688.9,有色,12688.9
2011-01-13,SSE_600687,3.7563034849,10.93,0.0,12688.9,有色,12688.9
2011-01-14,SSE_600687,3.6188358367,10.53,0.0,12688.9,有色,12688.9
2011-01-17,SSE_600687,3.5879056159,10.44,0.0,12688.9,有色,12688.9
2011-01-18,SSE_600687,3.6532027488,10.63,0.0,12688.9,有色,12688.9
2011-01-19,SSE_600687,3.8181639265,11.11,0.0,12688.9,有色,12688.9
2011-01-20,SSE_600687,3.7803603233,11.0,0.0,12688.9,有色,12688.9
2011-01-21,SSE_600687,3.8800243682,11.29,0.0,12688.9,有色,12688.9
2011-01-24,SSE_600687,3.9590682658,11.52,0.0,12688.9,有色,12688.9
2011-01-25,SSE_600687,3.7597401761,10.94,0.0,12688.9,有色,12688.9
2011-01-26,SSE_600687,3.8731509858,11.27,0.0,12688.9,有色,12688.9
2011-01-27,SSE_600687,3.8834610594,11.3,0.0,12688.9,有色,12688.9
2011-01-28,SSE_600687,3.9350114274,11.45,0.0,12688.9,有色,12688.9
2011-01-31,SSE_600687,4.1171560612,11.98,0.0,12688.9,有色,12688.9
2011-02-01,SSE_600687,4.1240294436,12.0,0.0,12688.9,有色,12688.9
2011-02-09,SSE_600687,4.1068459876,11.95,0.0,12688.9,有色,12688.9
2011-02-10,SSE_600687,4.5192489319,13.15,0.0,12688.9,有色,12688.9
2011-02-11,SSE_600687,4.7288870953,13.76,0.0,12688.9,有色,12688.9
2011-02-14,SSE_600687,4.6876468009,13.64,0.0,12688.9,有色,12688.9
2011-02-15,SSE_600687,4.6876468009,13.64,0.0,12688.9,有色,12688.9
2011-02-16,SSE_600687,4.7220137129,13.74,0.0,12688.9,有色,12688.9
2011-02-17,SSE_600687,4.5673626088,13.29,0.0,12688.9,有色,12688.9
2011-02-18,SSE_600687,4.4470784167,12.94,0.0,12688.9,有色,12688.9
2011-02-21,SSE_600687,4.5123755495,13.13,0.0,12688.9,有色,12688.9
2011-02-22,SSE_600687,4.2546237093,12.38,0.0,12688.9,有色,12688.9
2011-02-23,SSE_600687,4.3405409894,12.63,0.0,12688.9,有色,12688.9
2011-02-24,SSE_600687,4.402401431,12.81,0.0,12688.9,有色,12688.9
2011-02-25,SSE_600687,4.4058381222,12.82,0.0,12688.9,有色,12688.9
2011-02-28,SSE_600687,4.5158122407,13.14,0.0,12688.9,有色,12688.9
2011-03-01,SSE_600687,4.4951920935,13.08,0.0,12688.9,有色,12688.9
2011-03-02,SSE_600687,4.5604892264,13.27,0.0,12688.9,有色,12688.9
2011-03-03,SSE_600687,4.5020654759,13.1,0.0,12688.9,有色,12688.9
2011-03-04,SSE_600687,4.4092748134,12.83,0.0,12688.9,有色,12688.9
2011-03-07,SSE_600687,4.402401431,12.81,0.0,12688.9,有色,12688.9
2011-03-08,SSE_600687,4.5364323879,13.2,0.0,12688.9,有色,12688.9
2011-03-09,SSE_600687,4.5261223143,13.17,0.0,12688.9,有色,12688.9
2011-03-10,SSE_600687,4.4264582694,12.88,0.0,12688.9,有色,12688.9
2011-03-11,SSE_600687,4.3645978278,12.7,0.0,12688.9,有色,12688.9
2011-03-14,SSE_600687,4.1755798116,12.15,0.0,12688.9,有色,12688.9
2011-03-15,SSE_600687,4.1171560612,11.98,0.0,12688.9,有色,12688.9
2011-03-16,SSE_600687,4.1549596644,12.09,0.0,12688.9,有色,12688.9
2011-03-17,SSE_600687,4.2374402533,12.33,0.0,12688.9,有色,12688.9
2011-03-18,SSE_600687,4.2202567973,12.28,0.0,12688.9,有色,12688.9
2011-03-21,SSE_600687,4.1790165028,12.16,0.0,12688.9,有色,12688.9
2011-03-22,SSE_600687,4.3027373861,12.52,0.0,12688.9,有色,12688.9
2011-03-23,SSE_600687,4.4505151079,12.95,0.0,12688.9,有色,12688.9
2011-03-24,SSE_600687,4.6670266537,13.58,0.0,12688.9,有色,12688.9
2011-03-25,SSE_600687,4.9660187883,14.45,0.0,12688.9,有色,12688.9
2011-03-28,SSE_600687,4.859481361,14.14,0.0,12688.9,有色,12688.9
2011-03-29,SSE_600687,4.622349668,13.45,0.0,12688.9,有色,12688.9
2011-03-30,SSE_600687,4.4951920935,13.08,0.0,12688.9,有色,12688.9
2011-03-31,SSE_600687,4.3714712102,12.72,0.0,12688.9,有色,12688.9
2011-04-01,SSE_600687,4.5055021671,13.11,0.0,12688.9,有色,12688.9
2011-04-06,SSE_600687,4.4814453287,13.04,0.0,12688.9,有色,12688.9
2011-04-07,SSE_600687,4.6086029032,13.41,0.0,12688.9,有色,12688.9
2011-04-08,SSE_600687,4.5707993,13.3,0.0,12688.9,有色,12688.9
2011-04-11,SSE_600687,4.5570525352,13.26,0.0,12688.9,有色,12688.9
2011-04-12,SSE_600687,4.587982756,13.35,0.0,12688.9,有色,12688.9
2011-04-13,SSE_600687,4.553615844,13.25,0.0,12688.9,有色,12688.9
2011-04-14,SSE_600687,4.5192489319,13.15,0.0,12688.9,有色,12688.9
2011-04-15,SSE_600687,4.6670266537,13.58,0.0,12688.9,有色,12688.9
2011-04-18,SSE_600687,4.8148043754,14.01,0.0,12688.9,有色,12688.9
2011-04-19,SSE_600687,4.7770007721,13.9,0.0,12688.9,有色,12688.9
2011-04-20,SSE_600687,4.8010576106,13.97,0.0,12688.9,有色,12688.9
2011-04-21,SSE_600687,5.0072590827,14.57,0.0,12688.9,有色,12688.9
2011-04-22,SSE_600687,4.9488353323,14.4,0.0,12688.9,有色,12688.9
2011-04-25,SSE_600687,4.7288870953,13.76,0.0,12688.9,有色,12688.9
2011-04-26,SSE_600687,4.587982756,13.35,0.0,12688.9,有色,12688.9
2011-04-27,SSE_600687,4.6120395944,13.42,0.0,12688.9,有色,12688.9
2011-04-28,SSE_600687,4.6945201833,13.66,0.0,12688.9,有色,12688.9
2011-04-29,SSE_600687,4.8629180522,14.15,0.0,12688.9,有色,12688.9
2012-06-27,SSE_600687,5.3478342088,15.55,0.0,12688.9,有色,12688.9
2012-06-28,SSE_600687,5.8843371905,17.11,0.0,12688.9,有色,12688.9
2012-06-29,SSE_600687,6.4724269974,18.82,0.0,12688.9,有色,12688.9
2012-07-02,SSE_600687,6.6650178113,19.38,0.0,12688.9,有色,12688.9
2012-07-03,SSE_600687,6.7716305833,19.69,0.0,12688.9,有色,12688.9
2012-07-04,SSE_600687,6.9986126141,20.35,0.0,12688.9,有色,12688.9
2012-07-05,SSE_600687,6.78538707,19.73,0.0,12688.9,有色,12688.9
2012-07-06,SSE_600687,6.977977884,20.29,0.0,12688.9,有色,12688.9
2012-07-09,SSE_600687,6.9710996406,20.27,0.0,12688.9,有色,12688.9
2012-07-10,SSE_600687,6.8025826784,19.78,0.0,12688.9,有色,12688.9
2012-07-11,SSE_600687,6.1216365862,17.8,0.0,12688.9,有色,12688.9
2012-07-12,SSE_600687,6.0666106394,17.64,0.0,12688.9,有色,12688.9
2012-07-13,SSE_600687,6.1181974646,17.79,0.0,12688.9,有色,12688.9
2012-07-16,SSE_600687,5.6470377947,16.42,0.0,12688.9,有色,12688.9
2012-07-17,SSE_600687,5.8396286087,16.98,0.0,12688.9,有色,12688.9
2012-07-18,SSE_600687,6.4242792939,18.68,0.0,12688.9,有色,12688.9
2012-07-19,SSE_600687,6.561844161,19.08,0.0,12688.9,有色,12688.9
2012-07-20,SSE_600687,6.3004709135,18.32,0.0,12688.9,有色,12688.9
2012-07-23,SSE_600687,5.7983591485,16.86,0.0,12688.9,有色,12688.9
2012-07-24,SSE_600687,6.3795707121,18.55,0.0,12688.9,有色,12688.9
2012-07-25,SSE_600687,6.2557623317,18.19,0.0,12688.9,有色,12688.9
2012-07-26,SSE_600687,6.4311575372,18.7,0.0,12688.9,有色,12688.9
2012-07-27,SSE_600687,6.156027803,17.9,0.0,12688.9,有色,12688.9
2012-07-30,SSE_600687,6.0012673275,17.45,0.0,12688.9,有色,12688.9
2012-07-31,SSE_600687,6.0975627345,17.73,0.0,12688.9,有色,12688.9
2012-08-01,SSE_600687,6.0459759093,17.58,0.0,12688.9,有色,12688.9
2012-08-02,SSE_600687,6.2248102366,18.1,0.0,12688.9,有色,12688.9
2012-08-03,SSE_600687,6.3554968603,18.48,0.0,12688.9,有色,12688.9
2012-08-06,SSE_600687,6.5205747009,18.96,0.0,12688.9,有色,12688.9
2012-08-07,SSE_600687,6.4105228072,18.64,0.0,12688.9,有色,12688.9
2012-08-08,SSE_600687,6.7888261917,19.74,0.0,12688.9,有色,12688.9
2012-08-09,SSE_600687,6.7922653134,19.75,0.0,12688.9,有色,12688.9
2012-08-10,SSE_600687,6.4621096323,18.79,0.0,12688.9,有色,12688.9
2012-08-13,SSE_600687,6.3658142254,18.51,0.0,12688.9,有色,12688.9
2012-08-14,SSE_600687,6.4449140239,18.74,0.0,12688.9,有色,12688.9
2012-08-15,SSE_600687,6.1594669247,17.91,0.0,12688.9,有色,12688.9
2012-08-16,SSE_600687,5.9668761108,17.35,0.0,12688.9,有色,12688.9
2012-08-17,SSE_600687,6.0562932744,17.61,0.0,12688.9,有色,12688.9
2012-08-20,SSE_600687,5.9875108408,17.41,0.0,12688.9,有色,12688.9
2012-08-21,SSE_600687,6.0769280044,17.67,0.0,12688.9,有色,12688.9
2012-08-22,SSE_600687,5.9943890842,17.43,0.0,12688.9,有色,12688.9
2012-08-23,SSE_600687,6.0631715177,17.63,0.0,12688.9,有色,12688.9
2012-08-24,SSE_600687,6.1010018562,17.74,0.0,12688.9,有色,12688.9
2012-08-27,SSE_600687,5.9599978674,17.33,0.0,12688.9,有色,12688.9
2012-08-28,SSE_600687,6.0528541527,17.6,0.0,12688.9,有色,12688.9
2012-08-29,SSE_600687,5.9978282059,17.44,0.0,12688.9,有色,12688.9
2012-08-30,SSE_600687,5.4682034675,15.9,0.0,12688.9,有色,12688.9
2012-08-31,SSE_600687,5.3925427906,15.68,0.0,12688.9,有色,12688.9
2012-09-03,SSE_600687,5.516351171,16.04,0.0,12688.9,有色,12688.9
2012-09-04,SSE_600687,5.4062992773,15.72,0.0,12688.9,有色,12688.9
2012-09-05,SSE_600687,5.4991555626,15.99,0.0,12688.9,有色,12688.9
2012-09-06,SSE_600687,5.536985901,16.1,0.0,12688.9,有色,12688.9
2012-09-07,SSE_600687,5.729576715,16.66,0.0,12688.9,有色,12688.9
2012-09-10,SSE_600687,5.825872122,16.94,0.0,12688.9,有色,12688.9
2012-09-11,SSE_600687,5.7949200269,16.85,0.0,12688.9,有色,12688.9
2012-09-12,SSE_600687,5.932484894,17.25,0.0,12688.9,有色,12688.9
2012-09-13,SSE_600687,5.7089419849,16.6,0.0,12688.9,有色,12688.9
2012-09-14,SSE_600687,5.9978282059,17.44,0.0,12688.9,有色,12688.9
2012-09-17,SSE_600687,5.9634369891,17.34,0.0,12688.9,有色,12688.9
2012-09-18,SSE_600687,5.6745507682,16.5,0.0,12688.9,有色,12688.9
2012-09-19,SSE_600687,6.0081455709,17.47,0.0,12688.9,有色,12688.9
2012-09-20,SSE_600687,5.8912154338,17.13,0.0,12688.9,有色,12688.9
2012-09-21,SSE_600687,6.0838062478,17.69,0.0,12688.9,有色,12688.9
2012-09-24,SSE_600687,6.3658142254,18.51,0.0,12688.9,有色,12688.9
2012-09-25,SSE_600687,6.1835407764,17.98,0.0,12688.9,有色,12688.9
2012-09-26,SSE_600687,5.8877763122,17.12,0.0,12688.9,有色,12688.9
2012-09-27,SSE_600687,6.0838062478,17.69,0.0,12688.9,有色,12688.9
2012-09-28,SSE_600687,6.2007363848,18.03,0.0,12688.9,有色,12688.9
2012-10-08,SSE_600687,6.0803671261,17.68,0.0,12688.9,有色,12688.9
2012-10-09,SSE_600687,6.1181974646,17.79,0.0,12688.9,有色,12688.9
2012-10-10,SSE_600687,6.0941236128,17.72,0.0,12688.9,有色,12688.9
2012-10-11,SSE_600687,5.9771934758,17.38,0.0,12688.9,有色,12688.9
2012-10-12,SSE_600687,5.9290457723,17.24,0.0,12688.9,有色,12688.9
2012-10-15,SSE_600687,5.7536505667,16.73,0.0,12688.9,有色,12688.9
2012-10-16,SSE_600687,5.7433332017,16.7,0.0,12688.9,有色,12688.9
2012-10-17,SSE_600687,5.8637024604,17.05,0.0,12688.9,有色,12688.9
2012-10-18,SSE_600687,5.8843371905,17.11,0.0,12688.9,有色,12688.9
2012-10-19,SSE_600687,5.8533850954,17.02,0.0,12688.9,有色,12688.9
2012-10-22,SSE_600687,5.7914809052,16.84,0.0,12688.9,有色,12688.9
2012-10-23,SSE_600687,5.7742852968,16.79,0.0,12688.9,有色,12688.9
2012-10-24,SSE_600687,5.6642334031,16.47,0.0,12688.9,有色,12688.9
2012-10-25,SSE_600687,5.5713771178,16.2,0.0,12688.9,有色,12688.9
2012-10-26,SSE_600687,5.2515388018,15.27,0.0,12688.9,有色,12688.9
2012-10-29,SSE_600687,5.2102693417,15.15,0.0,12688.9,有色,12688.9
2012-10-30,SSE_600687,5.4475687374,15.84,0.0,12688.9,有色,12688.9
2012-10-31,SSE_600687,5.3994210339,15.7,0.0,12688.9,有色,12688.9
2012-11-01,SSE_600687,5.5507423878,16.14,0.0,12688.9,有色,12688.9
2012-11-02,SSE_600687,5.5644988745,16.18,0.0,12688.9,有色,12688.9
2012-11-05,SSE_600687,5.6470377947,16.42,0.0,12688.9,有色,12688.9
2012-11-06,SSE_600687,5.5473032661,16.13,0.0,12688.9,有色,12688.9
2012-11-07,SSE_600687,5.622963943,16.35,0.0,12688.9,有色,12688.9
2012-11-08,SSE_600687,5.3891036689,15.67,0.0,12688.9,有色,12688.9
2012-11-09,SSE_600687,5.4166166423,15.75,0.0,12688.9,有色,12688.9
2012-11-12,SSE_600687,5.4853990759,15.95,0.0,12688.9,有色,12688.9
2012-11-13,SSE_600687,5.3271994787,15.49,0.0,12688.9,有色,12688.9
2012-11-14,SSE_600687,5.3719080605,15.62,0.0,12688.9,有色,12688.9
2012-11-15,SSE_600687,5.3891036689,15.67,0.0,12688.9,有色,12688.9
2012-11-16,SSE_600687,5.3856645472,15.66,0.0,12688.9,有色,12688.9
2012-11-19,SSE_600687,5.3822254255,15.65,0.0,12688.9,有色,12688.9
2012-11-20,SSE_600687,5.7261375933,16.65,0.0,12688.9,有色,12688.9
2012-11-21,SSE_600687,5.3306386004,15.5,0.0,12688.9,有色,12688.9
2012-11-22,SSE_600687,5.1139739347,14.87,0.0,12688.9,有色,12688.9
2012-11-23,SSE_600687,4.9901655543,14.51,0.0,12688.9,有色,12688.9
2012-11-26,SSE_600687,4.9970437976,14.53,0.0,12688.9,有色,12688.9
2012-11-27,SSE_600687,4.6772054816,13.6,0.0,12688.9,有色,12688.9
2012-11-28,SSE_600687,4.7700617669,13.87,0.0,12688.9,有色,12688.9
2012-11-29,SSE_600687,4.7666226452,13.86,0.0,12688.9,有色,12688.9
2012-11-30,SSE_600687,4.8216485921,14.02,0.0,12688.9,有色,12688.9
2012-12-03,SSE_600687,4.7012793334,13.67,0.0,12688.9,有色,12688.9
2012-12-04,SSE_600687,4.5602753446,13.26,0.0,12688.9,有色,12688.9
2012-12-05,SSE_600687,4.7287923068,13.75,0.0,12688.9,有色,12688.9
2012-12-06,SSE_600687,4.7322314285,13.76,0.0,12688.9,有色,12688.9
2012-12-07,SSE_600687,4.9179439991,14.3,0.0,12688.9,有色,12688.9
2012-12-10,SSE_600687,5.0830218396,14.78,0.0,12688.9,有色,12688.9
2012-12-11,SSE_600687,4.9523352158,14.4,0.0,12688.9,有色,12688.9
2012-12-12,SSE_600687,5.1346086648,14.93,0.0,12688.9,有色,12688.9
2012-12-13,SSE_600687,5.0279958927,14.62,0.0,12688.9,有色,12688.9
2012-12-14,SSE_600687,5.1999519766,15.12,0.0,12688.9,有色,12688.9
2012-12-17,SSE_600687,5.1724390032,15.04,0.0,12688.9,有色,12688.9
2012-12-18,SSE_600687,5.1139739347,14.87,0.0,12688.9,有色,12688.9
2012-12-19,SSE_600687,5.2721735319,15.33,0.0,12688.9,有色,12688.9
2012-12-20,SSE_600687,5.3271994787,15.49,0.0,12688.9,有色,12688.9
2012-12-21,SSE_600687,5.2412214368,15.24,0.0,12688.9,有色,12688.9
2012-12-24,SSE_600687,5.2377823151,15.23,0.0,12688.9,有色,12688.9
2012-12-25,SSE_600687,5.3065647486,15.43,0.0,12688.9,有色,12688.9
2012-12-26,SSE_600687,5.4613252241,15.88,0.0,12688.9,有色,12688.9
2012-12-27,SSE_600687,5.4166166423,15.75,0.0,12688.9,有色,12688.9
2012-12-28,SSE_600687,5.3650298172,15.6,0.0,12688.9,有色,12688.9
2012-12-31,SSE_600687,5.6092074563,16.31,0.0,12688.9,有色,12688.9
2013-01-04,SSE_600687,5.6642334031,16.47,0.0,12688.9,有色,12688.9
2013-01-07,SSE_600687,5.9496805024,17.3,0.0,12688.9,有色,12688.9
2013-01-08,SSE_600687,5.9359240157,17.26,0.0,12688.9,有色,12688.9
2013-01-09,SSE_600687,6.1147583429,17.78,0.0,12688.9,有色,12688.9
2013-01-17,SSE_600687,6.2385667233,18.14,0.0,12688.9,有色,12688.9
2013-01-18,SSE_600687,6.1044409779,17.75,0.0,12688.9,有色,12688.9
2013-01-21,SSE_600687,6.1113192212,17.77,0.0,12688.9,有色,12688.9
2013-01-22,SSE_600687,6.2488840883,18.17,0.0,12688.9,有色,12688.9
2013-01-23,SSE_600687,6.2076146282,18.05,0.0,12688.9,有色,12688.9
2013-01-24,SSE_600687,5.8121156353,16.9,0.0,12688.9,有色,12688.9
2013-01-25,SSE_600687,5.8499459737,17.01,0.0,12688.9,有色,12688.9
2013-01-28,SSE_600687,5.8843371905,17.11,0.0,12688.9,有色,12688.9
2013-01-29,SSE_600687,5.9840717191,17.4,0.0,12688.9,有色,12688.9
2013-01-30,SSE_600687,5.8155547569,16.91,0.0,12688.9,有色,12688.9
2013-01-31,SSE_600687,5.9015327989,17.16,0.0,12688.9,有色,12688.9
2013-02-01,SSE_600687,5.942802259,17.28,0.0,12688.9,有色,12688.9
2013-02-04,SSE_600687,5.8430677304,16.99,0.0,12688.9,有色,12688.9
2013-02-05,SSE_600687,5.8533850954,17.02,0.0,12688.9,有色,31457.5
2013-02-06,SSE_600687,5.7949200269,16.85,0.0,12688.9,有色,31457.5
2013-02-07,SSE_600687,5.8430677304,16.99,0.0,12688.9,有色,31457.5
2013-02-08,SSE_600687,5.8396286087,16.98,0.0,12688.9,有色,31457.5
2013-02-18,SSE_600687,5.5438641444,16.12,0.0,12688.9,有色,31457.5
2013-02-19,SSE_600687,5.4578861025,15.87,0.0,12688.9,有色,31457.5
2013-02-20,SSE_600687,5.5060338059,16.01,0.0,12688.9,有色,31457.5
2013-02-21,SSE_600687,5.2549779235,15.28,0.0,12688.9,有色,31457.5
2013-02-22,SSE_600687,5.2859300186,15.37,0.0,12688.9,有色,31457.5
2013-02-25,SSE_600687,5.3306386004,15.5,0.0,12688.9,有色,31457.5
2013-02-26,SSE_600687,5.2721735319,15.33,0.0,12688.9,有色,31457.5
2013-02-27,SSE_600687,5.2790517752,15.35,0.0,12688.9,有色,31457.5
2013-02-28,SSE_600687,5.3547124521,15.57,0.0,12688.9,有色,31457.5
2013-03-01,SSE_600687,5.2756126535,15.34,0.0,12688.9,有色,31457.5
2013-03-04,SSE_600687,4.9385787291,14.36,0.0,12688.9,有色,31457.5
2013-03-05,SSE_600687,5.0108002844,14.57,0.0,12688.9,有色,31457.5
2013-03-06,SSE_600687,5.0555088662,14.7,0.0,12688.9,有色,31457.5
2013-03-07,SSE_600687,5.1139739347,14.87,0.0,12688.9,有色,31457.5
2013-03-08,SSE_600687,5.0727044746,14.75,0.0,12688.9,有色,31457.5
2013-03-11,SSE_600687,5.1311695431,14.92,0.0,12688.9,有色,31457.5
2013-03-12,SSE_600687,5.0211176494,14.6,0.0,12688.9,有色,31457.5
2013-03-13,SSE_600687,5.5232294143,16.06,0.0,12688.9,有色,31457.5
2013-03-14,SSE_600687,5.5129120493,16.03,0.0,12688.9,有色,31457.5
2013-03-15,SSE_600687,5.3787863039,15.64,0.0,12688.9,有色,31457.5
2013-03-18,SSE_600687,5.2824908969,15.36,0.0,12688.9,有色,31457.5
2013-03-19,SSE_600687,5.6573551598,16.45,0.0,12688.9,有色,31457.5
2013-03-20,SSE_600687,5.6676725248,16.48,0.0,12688.9,有色,31457.5
2013-03-21,SSE_600687,5.6986246199,16.57,0.0,12688.9,有色,31457.5
2013-03-22,SSE_600687,5.6401595514,16.4,0.0,12688.9,有色,31457.5
2013-03-25,SSE_600687,5.6435986731,16.41,0.0,12688.9,有色,31457.5
2013-03-26,SSE_600687,5.4716425892,15.91,0.0,12688.9,有色,31457.5
2013-03-27,SSE_600687,5.4234948857,15.77,0.0,12688.9,有色,31457.5
2013-03-28,SSE_600687,5.2205867067,15.18,0.0,12688.9,有色,31457.5
2013-03-29,SSE_600687,5.2618561668,15.3,0.0,12688.9,有色,31457.5
2013-04-01,SSE_600687,5.2033910983,15.13,0.0,12688.9,有色,31457.5
2013-04-02,SSE_600687,5.2033910983,15.13,0.0,12688.9,有色,31457.5
2013-04-03,SSE_600687,5.0830218396,14.78,0.0,12688.9,有色,31457.5
2013-04-08,SSE_600687,5.1896346116,15.09,0.0,12688.9,有色,31457.5
2013-04-09,SSE_600687,5.196512855,15.11,0.0,12688.9,有色,31457.5
2013-04-10,SSE_600687,5.1999519766,15.12,0.0,12688.9,有色,31457.5
2013-04-11,SSE_600687,5.1585180963,14.94,0.0,12688.9,有色,31457.5
2013-04-12,SSE_600687,5.1516124496,14.92,0.0,12688.9,有色,31457.5
2013-04-15,SSE_600687,4.7200095299,13.67,0.0,12688.9,有色,31457.5
2013-04-16,SSE_600687,4.6682171796,13.52,0.0,12688.9,有色,31457.5
2013-04-17,SSE_600687,4.6682171796,13.52,0.0,12688.9,有色,31457.5
2013-04-18,SSE_600687,4.6095191825,13.35,0.0,12688.9,有色,31457.5
2013-04-19,SSE_600687,4.730368,13.7,0.0,12688.9,有色,31457.5
2013-04-22,SSE_600687,4.6475002394,13.46,0.0,12688.9,有色,31457.5
2013-04-23,SSE_600687,4.5439155387,13.16,0.0,12688.9,有色,31457.5
2013-04-24,SSE_600687,4.595707889,13.31,0.0,12688.9,有色,31457.5
2013-04-25,SSE_600687,4.5991607124,13.32,0.0,12688.9,有色,31457.5
2013-04-26,SSE_600687,4.6060663591,13.34,0.0,12688.9,有色,31457.5
2013-05-02,SSE_600687,4.6578587095,13.49,0.0,12688.9,有色,31457.5
2013-05-03,SSE_600687,4.6958397664,13.6,0.0,12688.9,有色,31457.5
2013-05-06,SSE_600687,4.730368,13.7,0.0,12688.9,有色,31457.5
2013-05-07,SSE_600687,4.8961035212,14.18,0.0,12688.9,有色,31457.5
2013-05-08,SSE_600687,4.8443111708,14.03,0.0,12688.9,有色,31457.5
2013-05-09,SSE_600687,4.7545377635,13.77,0.0,12688.9,有色,31457.5
2013-05-10,SSE_600687,4.7545377635,13.77,0.0,12688.9,有色,31457.5
2013-05-13,SSE_600687,4.6129720058,13.36,0.0,12688.9,有色,31457.5
2013-05-14,SSE_600687,4.5749909489,13.25,0.0,12688.9,有色,31457.5
2013-05-15,SSE_600687,4.6095191825,13.35,0.0,12688.9,有色,31457.5
2013-05-16,SSE_600687,4.6509530628,13.47,0.0,12688.9,有色,31457.5
2013-05-17,SSE_600687,4.730368,13.7,0.0,12688.9,有色,31457.5
2013-05-20,SSE_600687,4.7545377635,13.77,0.0,12688.9,有色,31457.5
2013-05-21,SSE_600687,4.7545377635,13.77,0.0,12688.9,有色,31457.5
2013-05-22,SSE_600687,4.8477639942,14.04,0.0,12688.9,有色,31457.5
2013-05-23,SSE_600687,4.7200095299,13.67,0.0,12688.9,有色,31457.5
2013-05-24,SSE_600687,4.7234623533,13.68,0.0,12688.9,有色,31457.5
2013-05-27,SSE_600687,4.778707527,13.84,0.0,12688.9,有色,31457.5
2013-05-28,SSE_600687,4.8477639942,14.04,0.0,12688.9,有色,31457.5
2013-05-29,SSE_600687,4.8650281109,14.09,0.0,12688.9,有色,31457.5
2013-05-30,SSE_600687,4.7994244671,13.9,0.0,12688.9,有色,31457.5
2013-05-31,SSE_600687,4.8097829372,13.93,0.0,12688.9,有色,31457.5
2013-06-03,SSE_600687,4.6751228263,13.54,0.0,12688.9,有色,31457.5
2013-06-04,SSE_600687,4.6889341197,13.58,0.0,12688.9,有色,31457.5
2013-06-05,SSE_600687,4.6267832993,13.4,0.0,12688.9,有色,31457.5
2013-06-06,SSE_600687,4.537009892,13.14,0.0,12688.9,有色,31457.5
2013-06-07,SSE_600687,4.4748590715,12.96,0.0,12688.9,有色,31457.5
2013-06-13,SSE_600687,4.2193501431,12.22,0.0,12688.9,有色,31457.5
2013-06-14,SSE_600687,4.537009892,13.14,0.0,12688.9,有色,31457.5
2013-06-17,SSE_600687,4.5991607124,13.32,0.0,12688.9,有色,31457.5
2013-06-18,SSE_600687,4.6371417693,13.43,0.0,12688.9,有色,31457.5
2013-06-19,SSE_600687,4.5439155387,13.16,0.0,12688.9,有色,31457.5
2013-06-20,SSE_600687,4.3022179036,12.46,0.0,12688.9,有色,31457.5
2013-06-21,SSE_600687,4.3022179036,12.46,0.0,12688.9,有色,31457.5
2013-06-24,SSE_600687,4.1986332029,12.16,0.0,12688.9,有色,31457.5
2013-06-25,SSE_600687,4.4783118949,12.97,0.0,12688.9,有色,31457.5
2013-06-26,SSE_600687,4.3505574306,12.6,0.0,12688.9,有色,31457.5
2013-06-27,SSE_600687,4.160652146,12.05,0.0,12688.9,有色,31457.5
2013-06-28,SSE_600687,4.1537464993,12.03,0.0,12688.9,有色,31457.5
2013-07-01,SSE_600687,4.1951803796,12.15,0.0,12688.9,有色,31457.5
2013-07-02,SSE_600687,4.2366142598,12.27,0.0,12688.9,有色,31457.5
2013-07-03,SSE_600687,4.3747271942,12.67,0.0,12688.9,有色,31457.5
2013-07-04,SSE_600687,4.4196138978,12.8,0.0,12688.9,有色,31457.5
2013-07-05,SSE_600687,4.3091235504,12.48,0.0,12688.9,有色,31457.5
2013-07-08,SSE_600687,4.0915956788,11.85,0.0,12688.9,有色,31457.5
2013-07-09,SSE_600687,4.2262557898,12.24,0.0,12688.9,有色,31457.5
2013-07-10,SSE_600687,4.3194820204,12.51,0.0,12688.9,有色,31457.5
2013-07-11,SSE_600687,4.7510849401,13.76,0.0,12688.9,有色,31457.5
2013-07-12,SSE_600687,4.7821603504,13.85,0.0,12688.9,有色,31457.5
2013-07-15,SSE_600687,4.7269151766,13.69,0.0,12688.9,有色,31457.5
2013-07-16,SSE_600687,4.7061982365,13.63,0.0,12688.9,有色,31457.5
2013-07-17,SSE_600687,4.5508211854,13.18,0.0,12688.9,有色,31457.5
2013-07-18,SSE_600687,4.7718018803,13.82,0.0,12688.9,有色,31457.5
2013-07-19,SSE_600687,4.6578587095,13.49,0.0,12688.9,有色,31457.5
2013-07-22,SSE_600687,4.7856131737,13.86,0.0,12688.9,有色,31457.5
2013-07-23,SSE_600687,4.8857450511,14.15,0.0,12688.9,有色,31457.5
2013-07-24,SSE_600687,4.9340845781,14.29,0.0,12688.9,有色,31457.5
2013-07-25,SSE_600687,4.8028772905,13.91,0.0,12688.9,有色,31457.5
2013-07-26,SSE_600687,4.6578587095,13.49,0.0,12688.9,有色,31457.5
2013-07-29,SSE_600687,4.537009892,13.14,0.0,12688.9,有色,31457.5
2013-07-30,SSE_600687,4.4921231883,13.01,0.0,12688.9,有色,31457.5
2013-07-31,SSE_600687,4.3988969577,12.74,0.0,12688.9,有色,31457.5
2013-08-01,SSE_600687,4.450689308,12.89,0.0,12688.9,有色,31457.5
2013-08-02,SSE_600687,4.4472364847,12.88,0.0,12688.9,有色,31457.5
2013-08-05,SSE_600687,4.5231985985,13.1,0.0,12688.9,有色,31457.5
2013-08-06,SSE_600687,4.5542740088,13.19,0.0,12688.9,有色,31457.5
2013-08-07,SSE_600687,4.5301042452,13.12,0.0,12688.9,有色,31457.5
2013-08-08,SSE_600687,4.499028835,13.03,0.0,12688.9,有色,31457.5
2013-08-09,SSE_600687,4.5888022423,13.29,0.0,12688.9,有色,31457.5
2013-08-12,SSE_600687,4.8132357606,13.94,0.0,12688.9,有色,31457.5
2013-08-13,SSE_600687,4.7648962336,13.8,0.0,12688.9,有色,31457.5
2013-08-14,SSE_600687,4.6716700029,13.53,0.0,12688.9,有色,31457.5
2013-08-15,SSE_600687,4.5888022423,13.29,0.0,12688.9,有色,31457.5
2013-08-16,SSE_600687,4.4817647182,12.98,0.0,12688.9,有色,31457.5
2013-08-19,SSE_600687,4.5266514219,13.11,0.0,12688.9,有色,31457.5
2013-08-20,SSE_600687,4.5335570686,13.13,0.0,12688.9,有色,31457.5
2013-08-21,SSE_600687,4.6302361226,13.41,0.0,12688.9,有色,31457.5
2013-08-22,SSE_600687,4.5922550657,13.3,0.0,12688.9,有色,31457.5
2013-08-23,SSE_600687,4.6509530628,13.47,0.0,12688.9,有色,31457.5
2013-08-26,SSE_600687,4.7959716438,13.89,0.0,12688.9,有色,31457.5
2013-08-27,SSE_600687,4.7510849401,13.76,0.0,12688.9,有色,31457.5
2013-08-28,SSE_600687,4.9202732847,14.25,0.0,12688.9,有色,31457.5
2013-08-29,SSE_600687,4.7683490569,13.81,0.0,12688.9,有色,31457.5
2013-08-30,SSE_600687,4.6267832993,13.4,0.0,12688.9,有色,31457.5
2013-09-02,SSE_600687,4.6751228263,13.54,0.0,12688.9,有色,31457.5
2013-09-03,SSE_600687,4.6785756496,13.55,0.0,12688.9,有色,31457.5
2013-09-04,SSE_600687,4.6958397664,13.6,0.0,12688.9,有色,31457.5
2013-09-05,SSE_600687,4.5784437723,13.26,0.0,12688.9,有色,31457.5
2013-09-06,SSE_600687,4.6060663591,13.34,0.0,12688.9,有色,31457.5
2013-09-09,SSE_600687,4.6371417693,13.43,0.0,12688.9,有色,31457.5
2013-09-10,SSE_600687,4.6682171796,13.52,0.0,12688.9,有色,31457.5
2013-09-11,SSE_600687,4.595707889,13.31,0.0,12688.9,有色,31457.5
2013-09-12,SSE_600687,4.6129720058,13.36,0.0,12688.9,有色,31457.5
2013-09-13,SSE_600687,4.5749909489,13.25,0.0,12688.9,有色,31457.5
2013-09-16,SSE_600687,4.5508211854,13.18,0.0,12688.9,有色,31457.5
2013-09-17,SSE_600687,4.4714062482,12.95,0.0,12688.9,有色,31457.5
2013-09-18,SSE_600687,4.5093873051,13.06,0.0,12688.9,有色,31457.5
2013-09-23,SSE_600687,4.5335570686,13.13,0.0,12688.9,有色,31457.5
2013-09-24,SSE_600687,4.4921231883,13.01,0.0,12688.9,有色,31457.5
2013-09-25,SSE_600687,4.8684809343,14.1,0.0,12688.9,有色,31457.5
2013-09-26,SSE_600687,4.6544058861,13.48,0.0,12688.9,有色,31457.5
2013-09-27,SSE_600687,4.6647643562,13.51,0.0,12688.9,有色,31457.5
2013-09-30,SSE_600687,4.6647643562,13.51,0.0,12688.9,有色,31457.5
2013-10-08,SSE_600687,4.682028473,13.56,0.0,12688.9,有色,31457.5
2013-10-09,SSE_600687,4.6613115328,13.5,0.0,12688.9,有色,31457.5
2013-10-10,SSE_600687,4.5680853022,13.23,0.0,12688.9,有色,31457.5
2013-10-11,SSE_600687,4.5577268321,13.2,0.0,12688.9,有色,31457.5
2013-10-14,SSE_600687,4.5542740088,13.19,0.0,12688.9,有色,31457.5
2013-10-15,SSE_600687,4.6164248292,13.37,0.0,12688.9,有色,31457.5
2013-10-16,SSE_600687,4.5715381255,13.24,0.0,12688.9,有色,31457.5
2013-10-17,SSE_600687,4.5197457752,13.09,0.0,12688.9,有色,31457.5
2013-10-18,SSE_600687,4.5335570686,13.13,0.0,12688.9,有色,31457.5
2013-10-21,SSE_600687,4.5715381255,13.24,0.0,12688.9,有色,31457.5
2013-10-22,SSE_600687,4.585349419,13.28,0.0,12688.9,有色,31457.5
2013-10-23,SSE_600687,4.4817647182,12.98,0.0,12688.9,有色,31457.5
2013-10-24,SSE_600687,4.4403308379,12.86,0.0,12688.9,有色,31457.5
2013-10-25,SSE_600687,4.3436517839,12.58,0.0,12688.9,有色,31457.5
2013-10-28,SSE_600687,4.0501617985,11.73,0.0,12688.9,有色,31457.5
2013-10-29,SSE_600687,4.1261239124,11.95,0.0,12688.9,有色,31457.5
2013-10-30,SSE_600687,4.1813690861,12.11,0.0,12688.9,有色,31457.5
2013-10-31,SSE_600687,4.0985013255,11.87,0.0,12688.9,有色,31457.5
2013-11-01,SSE_600687,4.1295767358,11.96,0.0,12688.9,有色,31457.5
2013-11-04,SSE_600687,4.1433880292,12.0,0.0,12688.9,有色,31457.5
2013-11-05,SSE_600687,4.1882747328,12.13,0.0,12688.9,有色,31457.5
2013-11-06,SSE_600687,4.2469727299,12.3,0.0,12688.9,有色,37711.2
2013-11-07,SSE_600687,4.3574630774,12.62,0.0,12688.9,有色,37711.2
2013-11-08,SSE_600687,4.3781800175,12.68,0.0,12688.9,有色,37711.2
2013-11-11,SSE_600687,4.3505574306,12.6,0.0,12688.9,有色,37711.2
2013-11-12,SSE_600687,4.354010254,12.61,0.0,12688.9,有色,37711.2
2013-11-13,SSE_600687,4.402349781,12.75,0.0,12688.9,有色,37711.2
2013-11-14,SSE_600687,4.1675577927,12.07,0.0,12688.9,有色,37711.2
2013-11-15,SSE_600687,4.1848219095,12.12,0.0,12688.9,有色,37711.2
2013-11-18,SSE_600687,4.208991673,12.19,0.0,12688.9,有色,37711.2
2013-11-19,SSE_600687,4.2469727299,12.3,0.0,12688.9,有色,37711.2
2013-11-20,SSE_600687,4.2400670832,12.28,0.0,12688.9,有色,37711.2
2013-11-21,SSE_600687,4.1537464993,12.03,0.0,12688.9,有色,37711.2
2013-11-22,SSE_600687,4.1744634394,12.09,0.0,12688.9,有色,37711.2
2013-11-25,SSE_600687,4.1364823825,11.98,0.0,12688.9,有色,37711.2
2013-11-26,SSE_600687,4.1848219095,12.12,0.0,12688.9,有色,37711.2
2013-11-27,SSE_600687,4.1710106161,12.08,0.0,12688.9,有色,37711.2
2013-11-28,SSE_600687,4.2228029664,12.23,0.0,12688.9,有色,37711.2
2013-11-29,SSE_600687,4.2297086131,12.25,0.0,12688.9,有色,37711.2
2013-12-02,SSE_600687,4.0363505051,11.69,0.0,12688.9,有色,37711.2
2013-12-03,SSE_600687,4.0985013255,11.87,0.0,12688.9,有色,37711.2
2013-12-04,SSE_600687,4.1295767358,11.96,0.0,12688.9,有色,37711.2
2013-12-05,SSE_600687,4.1399352058,11.99,0.0,12688.9,有色,37711.2
2013-12-06,SSE_600687,4.1295767358,11.96,0.0,12688.9,有色,37711.2
2013-12-09,SSE_600687,4.1157654423,11.92,0.0,12688.9,有色,37711.2
2013-12-10,SSE_600687,4.0915956788,11.85,0.0,12688.9,有色,37711.2
2013-12-11,SSE_600687,4.0467089752,11.72,0.0,12688.9,有色,37711.2
2013-12-12,SSE_600687,4.0467089752,11.72,0.0,12688.9,有色,37711.2
2013-12-13,SSE_600687,4.1019541489,11.88,0.0,12688.9,有色,37711.2
2013-12-16,SSE_600687,4.0363505051,11.69,0.0,12688.9,有色,37711.2
2013-12-17,SSE_600687,4.0190863883,11.64,0.0,12688.9,有色,37711.2
2013-12-18,SSE_600687,3.977652508,11.52,0.0,12688.9,有色,37711.2
2013-12-19,SSE_600687,3.977652508,11.52,0.0,12688.9,有色,37711.2
2013-12-20,SSE_600687,3.9396714511,11.41,0.0,12688.9,有色,37711.2
2013-12-23,SSE_600687,3.8429923971,11.13,0.0,12688.9,有色,37711.2
2013-12-24,SSE_600687,3.8429923971,11.13,0.0,12688.9,有色,37711.2
2013-12-25,SSE_600687,3.8844262774,11.25,0.0,12688.9,有色,37711.2
2013-12-26,SSE_600687,3.8878791007,11.26,0.0,12688.9,有色,37711.2
2013-12-27,SSE_600687,3.8878791007,11.26,0.0,12688.9,有色,37711.2
2013-12-30,SSE_600687,3.880973454,11.24,0.0,12688.9,有色,37711.2
2013-12-31,SSE_600687,3.9224073343,11.36,0.0,12688.9,有色,37711.2
2014-01-02,SSE_600687,3.9741996847,11.51,0.0,12688.9,有色,37711.2
2014-01-03,SSE_600687,3.9362186277,11.4,0.0,12688.9,有色,37711.2
2014-01-06,SSE_600687,3.8188226336,11.06,0.0,12688.9,有色,37711.2
2014-01-07,SSE_600687,3.8084641635,11.03,0.0,12688.9,有色,37711.2
2014-01-08,SSE_600687,3.7946528701,10.99,0.0,12688.9,有色,37711.2
2014-01-09,SSE_600687,4.1019541489,11.88,0.0,12688.9,有色,37711.2
2014-01-10,SSE_600687,4.1088597956,11.9,0.0,12688.9,有色,37711.2
2014-01-13,SSE_600687,4.0570674452,11.75,0.0,12688.9,有色,37711.2
2014-01-14,SSE_600687,4.0846900321,11.83,0.0,12688.9,有色,37711.2
2014-01-15,SSE_600687,4.0777843854,11.81,0.0,12688.9,有色,37711.2
2014-01-16,SSE_600687,4.0536146219,11.74,0.0,12688.9,有色,37711.2
2014-01-17,SSE_600687,4.0087279182,11.61,0.0,12688.9,有色,37711.2
2014-01-20,SSE_600687,4.1088597956,11.9,0.0,12688.9,有色,37711.2
2014-01-21,SSE_600687,4.0674259153,11.78,0.0,12688.9,有色,37711.2
2014-01-22,SSE_600687,4.1641049693,12.06,0.0,12688.9,有色,37711.2
2014-01-23,SSE_600687,4.1399352058,11.99,0.0,12688.9,有色,37711.2
2014-01-24,SSE_600687,4.2193501431,12.22,0.0,12688.9,有色,37711.2
2014-01-27,SSE_600687,4.0881428555,11.84,0.0,12688.9,有色,37711.2
2014-01-28,SSE_600687,4.0467089752,11.72,0.0,12688.9,有色,37711.2
2014-01-29,SSE_600687,4.0985013255,11.87,0.0,12688.9,有色,37711.2
2014-01-30,SSE_600687,4.0881428555,11.84,0.0,12688.9,有色,37711.2
2014-02-07,SSE_600687,4.0881428555,11.84,0.0,12688.9,有色,37711.2
2014-02-10,SSE_600687,4.2020860263,12.17,0.0,12688.9,有色,37711.2
2014-02-11,SSE_600687,4.2366142598,12.27,0.0,12688.9,有色,37711.2
2014-02-12,SSE_600687,4.2158973197,12.21,0.0,12688.9,有色,37711.2
2014-02-13,SSE_600687,4.2158973197,12.21,0.0,12688.9,有色,37711.2
2014-02-14,SSE_600687,4.2400670832,12.28,0.0,12688.9,有色,37711.2
2014-02-17,SSE_600687,4.3712743708,12.66,0.0,12688.9,有色,37711.2
2014-02-18,SSE_600687,4.2953122569,12.44,0.0,12688.9,有色,37711.2
2014-02-19,SSE_600687,4.3091235504,12.48,0.0,12688.9,有色,37711.2
2014-02-20,SSE_600687,4.2158973197,12.21,0.0,12688.9,有色,37711.2
2014-02-21,SSE_600687,4.2228029664,12.23,0.0,12688.9,有色,37711.2
2014-02-24,SSE_600687,4.1330295591,11.97,0.0,12688.9,有色,37711.2
2014-02-25,SSE_600687,4.0225392117,11.65,0.0,12688.9,有色,37711.2
2014-02-26,SSE_600687,4.1502936759,12.02,0.0,12688.9,有色,37711.2
2014-02-27,SSE_600687,4.1295767358,11.96,0.0,12688.9,有色,37711.2
2014-02-28,SSE_600687,4.208991673,12.19,0.0,12688.9,有色,37711.2
2014-03-03,SSE_600687,4.3781800175,12.68,0.0,12688.9,有色,37711.2
2014-03-04,SSE_600687,4.4403308379,12.86,0.0,12688.9,有色,37711.2
2014-03-05,SSE_600687,4.3609159007,12.63,0.0,12688.9,有色,37711.2
2014-03-06,SSE_600687,4.354010254,12.61,0.0,12688.9,有色,37711.2
2014-03-07,SSE_600687,4.488670365,13.0,0.0,12688.9,有色,37711.2
2014-03-10,SSE_600687,4.4437836613,12.87,0.0,12688.9,有色,37711.2
2014-03-11,SSE_600687,4.5197457752,13.09,0.0,12688.9,有色,37711.2
2014-03-12,SSE_600687,4.6026135358,13.33,0.0,12688.9,有色,37711.2
2014-03-13,SSE_600687,4.5888022423,13.29,0.0,12688.9,有色,37711.2
2014-03-14,SSE_600687,4.4679534248,12.94,0.0,12688.9,有色,37711.2
2014-03-17,SSE_600687,4.5093873051,13.06,0.0,12688.9,有色,37711.2
2014-03-18,SSE_600687,4.4196138978,12.8,0.0,12688.9,有色,37711.2
2014-03-19,SSE_600687,4.4714062482,12.95,0.0,12688.9,有色,37711.2
2014-03-20,SSE_600687,4.5093873051,13.06,0.0,12688.9,有色,37711.2
2014-03-21,SSE_600687,4.5749909489,13.25,0.0,12688.9,有色,37711.2
2014-03-24,SSE_600687,4.6060663591,13.34,0.0,12688.9,有色,37711.2
2014-03-25,SSE_600687,4.6751228263,13.54,0.0,12688.9,有色,37711.2
2014-03-26,SSE_600687,4.6509530628,13.47,0.0,12688.9,有色,37711.2
2014-03-27,SSE_600687,4.8650281109,14.09,0.0,12688.9,有色,37711.2
2014-03-28,SSE_600687,4.3885384876,12.71,0.0,12688.9,有色,37711.2
2014-03-31,SSE_600687,4.3781800175,12.68,0.0,12688.9,有色,37711.2
2014-04-01,SSE_600687,4.3643687241,12.64,0.0,12688.9,有色,37711.2
2014-04-02,SSE_600687,4.3160291971,12.5,0.0,12688.9,有色,37711.2
2014-04-03,SSE_600687,4.2573312,12.33,0.0,12688.9,有色,37711.2
2014-04-04,SSE_600687,4.3091235504,12.48,0.0,12688.9,有色,37711.2
2014-04-08,SSE_600687,4.3919913109,12.72,0.0,12688.9,有色,37711.2
2014-04-09,SSE_600687,4.4092554277,12.77,0.0,12688.9,有色,37711.2
2014-04-10,SSE_600687,4.4058026044,12.76,0.0,12688.9,有色,37711.2
2014-04-11,SSE_600687,4.3505574306,12.6,0.0,12688.9,有色,37711.2
2014-04-14,SSE_600687,4.3263876671,12.53,0.0,12688.9,有色,37711.2
2014-04-15,SSE_600687,4.2953122569,12.44,0.0,12688.9,有色,37711.2
2014-04-16,SSE_600687,4.2780481401,12.39,0.0,12688.9,有色,37711.2
2014-04-17,SSE_600687,4.2538783766,12.32,0.0,12688.9,有色,37711.2
2014-04-18,SSE_600687,4.2331614365,12.26,0.0,12688.9,有色,37711.2
2014-04-21,SSE_600687,4.2538783766,12.32,0.0,12688.9,有色,37711.2
2014-04-22,SSE_600687,4.3747271942,12.67,0.0,12688.9,有色,37711.2
2014-04-23,SSE_600687,4.2987650803,12.45,0.0,12688.9,有色,37711.2
2014-04-24,SSE_600687,4.354010254,12.61,0.0,12688.9,有色,37711.2
2014-04-25,SSE_600687,4.3678215474,12.65,0.0,12688.9,有色,37711.2
2014-04-28,SSE_600687,4.2435199066,12.29,0.0,12688.9,有色,37711.2
2014-04-29,SSE_600687,4.305670727,12.47,0.0,12688.9,有色,37711.2
2014-04-30,SSE_600687,4.2711424934,12.37,0.0,12688.9,有色,37711.2
2014-05-05,SSE_600687,4.2815009635,12.4,0.0,12688.9,有色,37711.2
2014-05-06,SSE_600687,4.2918594336,12.43,0.0,12688.9,有色,37711.2
2014-05-07,SSE_600687,4.2262557898,12.24,0.0,12688.9,有色,37711.2
2014-05-08,SSE_600687,4.2124444963,12.2,0.0,12688.9,有色,37711.2
2014-05-09,SSE_600687,4.1779162628,12.1,0.0,12688.9,有色,37711.2
2014-05-12,SSE_600687,4.305670727,12.47,0.0,12688.9,有色,37711.2
2014-05-13,SSE_600687,4.2262557898,12.24,0.0,12688.9,有色,37711.2
2014-05-14,SSE_600687,4.2158973197,12.21,0.0,12688.9,有色,37711.2
2014-05-15,SSE_600687,4.1813690861,12.11,0.0,12688.9,有色,37711.2
2014-05-16,SSE_600687,4.1744634394,12.09,0.0,12688.9,有色,37711.2
2014-05-19,SSE_600687,4.1295767358,11.96,0.0,12688.9,有色,37711.2
2014-05-20,SSE_600687,4.160652146,12.05,0.0,12688.9,有色,37711.2
2014-05-21,SSE_600687,4.1848219095,12.12,0.0,12688.9,有色,37711.2
2014-05-22,SSE_600687,4.1779162628,12.1,0.0,12688.9,有色,37711.2
2014-05-23,SSE_600687,4.2262557898,12.24,0.0,12688.9,有色,37711.2
2014-05-26,SSE_600687,4.2400670832,12.28,0.0,12688.9,有色,37711.2
2014-05-27,SSE_600687,4.2228029664,12.23,0.0,12688.9,有色,37711.2
2014-05-28,SSE_600687,4.2607840233,12.34,0.0,12688.9,有色,37711.2
2014-05-29,SSE_600687,4.4368780146,12.85,0.0,12688.9,有色,37711.2
2014-05-30,SSE_600687,4.5646324788,13.22,0.0,12688.9,有色,37711.2
2014-06-03,SSE_600687,4.5922550657,13.3,0.0,12688.9,有色,37711.2
2014-06-04,SSE_600687,4.6302361226,13.41,0.0,12688.9,有色,37711.2
2014-06-05,SSE_600687,4.6302361226,13.41,0.0,12688.9,有色,37711.2
2014-06-06,SSE_600687,4.6544058861,13.48,0.0,12688.9,有色,37711.2
2014-06-09,SSE_600687,4.5231985985,13.1,0.0,12688.9,有色,37711.2
2014-06-10,SSE_600687,4.5715381255,13.24,0.0,12688.9,有色,37711.2
2014-06-11,SSE_600687,4.5439155387,13.16,0.0,12688.9,有色,37711.2
2014-06-12,SSE_600687,4.5818965956,13.27,0.0,12688.9,有色,37711.2
2014-06-13,SSE_600687,4.5888022423,13.29,0.0,12688.9,有色,37711.2
2014-06-16,SSE_600687,4.6198776525,13.38,0.0,12688.9,有色,37711.2
2014-06-17,SSE_600687,4.5404627153,13.15,0.0,12688.9,有色,37711.2
2014-06-18,SSE_600687,4.595707889,13.31,0.0,12688.9,有色,37711.2
2014-06-19,SSE_600687,4.5197457752,13.09,0.0,12688.9,有色,37711.2
2014-06-20,SSE_600687,4.5922550657,13.3,0.0,12688.9,有色,37711.2
2014-06-23,SSE_600687,4.7718018803,13.82,0.0,12688.9,有色,37711.2
2014-06-24,SSE_600687,4.730368,13.7,0.0,12688.9,有色,37711.2
2014-06-25,SSE_600687,4.6716700029,13.53,0.0,12688.9,有色,37711.2
2014-06-26,SSE_600687,4.9036904908,10.86,0.0,12688.9,有色,37711.2
2014-06-27,SSE_600687,4.7682294275,10.56,0.0,16495.5,有色,49024.5
2014-06-30,SSE_600687,4.7908062714,10.61,0.0,16495.5,有色,49024.5
2014-07-01,SSE_600687,4.9262673347,10.91,0.0,16495.5,有色,49024.5
2014-07-02,SSE_600687,5.4094117937,11.98,0.0,16495.5,有色,49024.5
2014-07-03,SSE_600687,5.3552273684,11.86,0.0,16495.5,有色,49024.5
2014-07-04,SSE_600687,5.3191044182,11.78,0.0,16495.5,有色,49024.5
2014-07-07,SSE_600687,5.4997191692,12.18,0.0,16495.5,有色,49024.5
2014-07-08,SSE_600687,5.463596219,12.1,0.0,16495.5,有色,49024.5
2014-07-09,SSE_600687,5.4726269566,12.12,0.0,16495.5,有色,49024.5
2014-07-10,SSE_600687,5.4365040064,12.04,0.0,16495.5,有色,49024.5
2014-07-11,SSE_600687,5.5493882258,12.29,0.0,16495.5,有色,49024.5
2014-07-14,SSE_600687,5.5358421194,12.26,0.0,16495.5,有色,49024.5
2014-07-15,SSE_600687,5.5313267507,12.25,0.0,16495.5,有色,49024.5
2014-07-16,SSE_600687,5.5313267507,12.25,0.0,16495.5,有色,49024.5
2014-07-17,SSE_600687,5.5177806443,12.22,0.0,16495.5,有色,49024.5
2014-07-18,SSE_600687,5.5674497009,12.33,0.0,16495.5,有色,49024.5
2014-07-21,SSE_600687,5.5087499068,12.2,0.0,16495.5,有色,49024.5
2014-07-22,SSE_600687,5.504234538,12.19,0.0,16495.5,有色,49024.5
2014-07-23,SSE_600687,5.8744947776,13.01,0.0,16495.5,有色,49024.5
2014-07-24,SSE_600687,5.4771423253,12.13,0.0,16495.5,有色,49024.5
2014-07-25,SSE_600687,5.3732888435,11.9,0.0,16495.5,有色,49024.5
2014-07-28,SSE_600687,5.6126033886,12.43,0.0,16495.5,有色,49024.5
2014-07-29,SSE_600687,5.5584189633,12.31,0.0,16495.5,有色,49024.5
2014-07-30,SSE_600687,5.4319886376,12.03,0.0,16495.5,有色,49024.5
2014-07-31,SSE_600687,5.6487263388,12.51,0.0,16495.5,有色,49024.5
2014-08-01,SSE_600687,6.0235019472,13.34,0.0,16495.5,有色,49024.5
2014-08-04,SSE_600687,5.9151330966,13.1,0.0,16495.5,有色,49024.5
2014-08-05,SSE_600687,6.0099558409,13.31,0.0,16495.5,有色,49024.5
2014-08-06,SSE_600687,5.9693175219,13.22,0.0,16495.5,有色,49024.5
2014-08-07,SSE_600687,6.4931003,14.38,0.0,16495.5,有色,49024.5
2014-08-08,SSE_600687,6.3757007118,14.12,0.0,16495.5,有色,49024.5
2014-08-11,SSE_600687,6.3034548114,13.96,0.0,16495.5,有色,49024.5
2014-08-12,SSE_600687,6.1815398544,13.69,0.0,16495.5,有色,49024.5
2014-08-13,SSE_600687,6.1770244856,13.68,0.0,16495.5,有色,49024.5
2014-08-14,SSE_600687,5.928679203,13.13,0.0,16495.5,有色,49024.5
2014-08-15,SSE_600687,5.847402565,12.95,0.0,16495.5,有色,49024.5
2014-08-18,SSE_600687,5.9693175219,13.22,0.0,16495.5,有色,49024.5
2014-08-19,SSE_600687,5.8790101464,13.02,0.0,16495.5,有色,49024.5
2014-08-20,SSE_600687,6.028017316,13.35,0.0,16495.5,有色,49024.5
2014-08-21,SSE_600687,5.9783482595,13.24,0.0,16495.5,有色,49024.5
2014-08-22,SSE_600687,5.8970716215,13.06,0.0,16495.5,有色,49024.5
2014-08-25,SSE_600687,5.6983953954,12.62,0.0,16495.5,有色,49024.5
2014-08-26,SSE_600687,5.7164568705,12.66,0.0,16495.5,有色,49024.5
2014-08-27,SSE_600687,5.7164568705,12.66,0.0,16495.5,有色,49024.5
2014-08-28,SSE_600687,5.7390337144,12.71,0.0,16495.5,有色,49024.5
2014-08-29,SSE_600687,5.6306648637,12.47,0.0,16495.5,有色,49024.5
2014-09-01,SSE_600687,5.7525798207,12.74,0.0,16495.5,有色,49024.5
2014-09-02,SSE_600687,5.7932181397,12.83,0.0,16495.5,有色,49024.5
2014-09-03,SSE_600687,5.8835255152,13.03,0.0,16495.5,有色,49024.5
2014-09-04,SSE_600687,5.9512560468,13.18,0.0,16495.5,有色,49024.5
2014-09-05,SSE_600687,5.9512560468,13.18,0.0,16495.5,有色,49024.5
2014-09-09,SSE_600687,5.9377099405,13.15,0.0,16495.5,有色,49024.5
2014-09-10,SSE_600687,5.8744947776,13.01,0.0,16495.5,有色,49024.5
2014-09-11,SSE_600687,5.8609486713,12.98,0.0,16495.5,有色,49024.5
2014-09-12,SSE_600687,5.8519179338,12.96,0.0,16495.5,有色,49024.5
2014-09-15,SSE_600687,5.9106177278,13.09,0.0,16495.5,有色,49024.5
2014-09-16,SSE_600687,5.7616105582,12.76,0.0,16495.5,有色,49024.5
2014-09-17,SSE_600687,5.888040884,13.04,0.0,16495.5,有色,49024.5
2014-09-18,SSE_600687,5.9241638342,13.12,0.0,16495.5,有色,49024.5
2014-09-19,SSE_600687,5.8654640401,12.99,0.0,16495.5,有色,49024.5
2014-09-22,SSE_600687,5.8790101464,13.02,0.0,16495.5,有色,49024.5
2014-09-23,SSE_600687,5.9377099405,13.15,0.0,16495.5,有色,49024.5
2014-09-24,SSE_600687,5.9738328907,13.23,0.0,16495.5,有色,49024.5
2014-09-25,SSE_600687,5.928679203,13.13,0.0,16495.5,有色,49024.5
2014-09-26,SSE_600687,5.9693175219,13.22,0.0,16495.5,有色,49024.5
2014-09-29,SSE_600687,5.9918943658,13.27,0.0,16495.5,有色,49024.5
2014-09-30,SSE_600687,6.1634783793,13.65,0.0,16495.5,有色,49024.5
2014-10-08,SSE_600687,6.2176628046,13.77,0.0,16495.5,有色,49024.5
2014-10-09,SSE_600687,6.4298851371,14.24,0.0,16495.5,有色,49024.5
2014-10-10,SSE_600687,6.4705234561,14.33,0.0,16495.5,有色,49024.5
2014-10-13,SSE_600687,6.3982775557,14.17,0.0,16495.5,有色,49024.5
2014-10-14,SSE_600687,6.4389158746,14.26,0.0,16495.5,有色,49024.5
2014-10-15,SSE_600687,6.3486084991,14.06,0.0,16495.5,有色,49024.5
2014-10-16,SSE_600687,6.371185343,14.11,0.0,16495.5,有色,49024.5
2014-10-17,SSE_600687,6.2944240738,13.94,0.0,16495.5,有色,49024.5
2014-10-20,SSE_600687,6.5743769379,14.56,0.0,16495.5,有色,49024.5
2014-10-21,SSE_600687,6.754991689,14.96,0.0,16495.5,有色,49024.5
2014-10-22,SSE_600687,6.71435337,14.87,0.0,16495.5,有色,49024.5
2014-10-23,SSE_600687,6.673715051,14.78,0.0,16495.5,有色,49024.5
2014-10-24,SSE_600687,6.5788923067,14.57,0.0,16495.5,有色,49024.5
2014-10-27,SSE_600687,6.5879230443,14.59,0.0,16495.5,有色,49024.5
2014-10-28,SSE_600687,6.8001453767,15.06,0.0,16495.5,有色,49024.5
2014-10-29,SSE_600687,6.8678759084,15.21,0.0,16495.5,有色,49024.5
2014-10-30,SSE_600687,6.8227222206,15.11,0.0,16495.5,有色,49024.5
2014-10-31,SSE_600687,6.7188687388,14.88,0.0,16495.5,有色,49024.5
2014-11-03,SSE_600687,6.7459609514,14.94,0.0,16495.5,有色,49024.5
2014-11-04,SSE_600687,6.7685377953,14.99,0.0,16495.5,有色,49024.5
2014-11-05,SSE_600687,6.8723912771,15.22,0.0,16495.5,有色,49024.5
2014-11-06,SSE_600687,6.8678759084,15.21,0.0,24625.3,有色,49024.5
2014-11-07,SSE_600687,7.2245900417,16.0,0.0,24625.3,有色,49024.5
2014-11-10,SSE_600687,7.5632426999,16.75,0.0,24625.3,有色,49024.5
2014-11-11,SSE_600687,7.7167652383,17.09,0.0,24625.3,有色,49024.5
2014-11-12,SSE_600687,7.5271197497,16.67,0.0,24625.3,有色,49024.5
2014-11-13,SSE_600687,7.7393420821,17.14,0.0,24625.3,有色,49024.5
2014-11-14,SSE_600687,7.7303113446,17.12,0.0,24625.3,有色,49024.5
2014-11-17,SSE_600687,7.6400039691,16.92,0.0,24625.3,有色,49024.5
2014-11-18,SSE_600687,7.9922027336,17.7,0.0,24625.3,有色,49024.5
2014-11-19,SSE_600687,7.9696258897,17.65,0.0,24625.3,有色,49024.5
2014-11-20,SSE_600687,8.1141176906,17.97,0.0,24625.3,有色,49024.5
2014-11-21,SSE_600687,7.9922027336,17.7,0.0,24625.3,有色,49024.5
2014-11-24,SSE_600687,8.0915408467,17.92,0.0,24625.3,有色,49024.5
2014-11-25,SSE_600687,8.2631248602,18.3,0.0,24625.3,有色,49024.5
2014-11-26,SSE_600687,8.7327232129,19.34,0.0,24625.3,有色,49024.5
2014-11-27,SSE_600687,8.9404301766,19.8,0.0,24625.3,有色,49024.5
2014-11-28,SSE_600687,8.3760090796,18.55,0.0,24625.3,有色,49024.5
2014-12-01,SSE_600687,8.064448634,17.86,0.0,24625.3,有色,49024.5
2014-12-02,SSE_600687,8.0734793716,17.88,0.0,24625.3,有色,49024.5
2014-12-03,SSE_600687,8.0779947403,17.89,0.0,24625.3,有色,49024.5
2014-12-04,SSE_600687,8.1683021159,18.09,0.0,24625.3,有色,49024.5
2014-12-05,SSE_600687,8.5927467808,19.03,0.0,24625.3,有色,49024.5
2014-12-15,SSE_600687,9.4506668483,20.93,0.0,24625.3,有色,49024.5
2014-12-16,SSE_600687,9.4777590609,20.99,0.0,24625.3,有色,49024.5
2014-12-17,SSE_600687,10.249887122,22.7,0.0,24625.3,有色,49024.5
2014-12-18,SSE_600687,10.416955766,23.07,0.0,24625.3,有色,49024.5
2014-12-19,SSE_600687,10.200218065,22.59,0.0,24625.3,有色,49024.5
2014-12-22,SSE_600687,9.7802887689,21.66,0.0,24625.3,有色,49024.5
2014-12-23,SSE_600687,9.536458855,21.12,0.0,24625.3,有色,49024.5
2014-12-24,SSE_600687,9.3919670542,20.8,0.0,24625.3,有色,49024.5
2014-12-25,SSE_600687,9.7080428685,21.5,0.0,24625.3,有色,49024.5
2014-12-26,SSE_600687,9.3603594727,20.73,0.0,24625.3,有色,49024.5
2014-12-29,SSE_600687,8.9900992331,19.91,0.0,24625.3,有色,49024.5
2014-12-30,SSE_600687,8.7869076382,19.46,0.0,24625.3,有色,49024.5
2014-12-31,SSE_600687,8.9268840702,19.77,0.0,24625.3,有色,49024.5
2015-01-05,SSE_600687,8.9855838643,19.9,0.0,24625.3,有色,49024.5
2015-01-06,SSE_600687,8.7869076382,19.46,0.0,24625.3,有色,49024.5
2015-01-07,SSE_600687,8.6198389935,19.09,0.0,24625.3,有色,49024.5
2015-01-08,SSE_600687,8.1728174846,18.1,0.0,24625.3,有色,49024.5
2015-01-09,SSE_600687,7.9922027336,17.7,0.0,24625.3,有色,49024.5
2015-01-12,SSE_600687,8.3037631792,18.39,0.0,24625.3,有色,49024.5
2015-01-13,SSE_600687,8.4166473986,18.64,0.0,24625.3,有色,49024.5
2015-01-14,SSE_600687,8.3850398171,18.57,0.0,24625.3,有色,49024.5
2015-01-15,SSE_600687,8.366978342,18.53,0.0,24625.3,有色,49024.5
2015-01-16,SSE_600687,8.5159855116,18.86,0.0,24625.3,有色,49024.5
2015-01-19,SSE_600687,8.7011156314,19.27,0.0,24625.3,有色,49024.5
2015-01-20,SSE_600687,8.710146369,19.29,0.0,24625.3,有色,49024.5
2015-01-21,SSE_600687,9.053314396,20.05,0.0,24625.3,有色,49024.5
2015-01-22,SSE_600687,8.9449455454,19.81,0.0,24625.3,有色,49024.5
2015-01-23,SSE_600687,8.8049691133,19.5,0.0,24625.3,有色,49024.5
2015-03-09,SSE_600687,9.6854660246,21.45,0.0,24625.3,有色,49024.5
2015-03-10,SSE_600687,10.656270311,23.6,0.0,24625.3,有色,49024.5
2015-03-11,SSE_600687,11.721897343,25.96,0.0,24625.3,有色,49024.5
2015-03-12,SSE_600687,11.234237515,24.88,0.0,24625.3,有色,49024.5
2015-03-13,SSE_600687,11.28842194,25.0,0.0,24625.3,有色,49024.5
2015-03-16,SSE_600687,11.771566399,26.07,0.0,24625.3,有色,49024.5
2015-03-17,SSE_600687,11.893481356,26.34,0.0,24625.3,有色,49024.5
2015-03-18,SSE_600687,12.083126845,26.76,0.0,24625.3,有色,49024.5
2015-03-19,SSE_600687,12.552725197,27.8,0.0,24625.3,有色,49024.5
2015-03-20,SSE_600687,12.417264134,27.5,0.0,24625.3,有色,49024.5
2015-03-23,SSE_600687,12.552725197,27.8,0.0,24625.3,有色,49024.5
2015-03-24,SSE_600687,12.281803071,27.2,0.0,24625.3,有色,49024.5
2015-03-25,SSE_600687,11.758020293,26.04,0.0,24625.3,有色,49024.5
2015-03-26,SSE_600687,11.685774392,25.88,0.0,24625.3,有色,49024.5
2015-03-27,SSE_600687,11.681259024,25.87,0.0,24625.3,有色,49024.5
2015-03-30,SSE_600687,11.717381974,25.95,0.0,24625.3,有色,49024.5
2015-03-31,SSE_600687,12.092157582,26.78,0.0,24625.3,有色,49024.5
2015-04-01,SSE_600687,12.629486467,27.97,0.0,24625.3,有色,49024.5
2015-04-02,SSE_600687,12.643032573,28.0,0.0,24625.3,有色,49024.5
2015-04-03,SSE_600687,13.717690342,30.38,0.0,24625.3,有色,49024.5
2015-04-07,SSE_600687,13.514498747,29.93,0.0,24625.3,有色,49024.5
2015-04-08,SSE_600687,13.505468009,29.91,0.0,24625.3,有色,49024.5
2015-04-09,SSE_600687,12.620455729,27.95,0.0,24625.3,有色,49024.5
2015-04-10,SSE_600687,13.537075591,29.98,0.0,24625.3,有色,49024.5
2015-04-13,SSE_600687,14.711071472,32.58,0.0,24625.3,有色,49024.5
2015-04-14,SSE_600687,14.670433153,32.49,0.0,24625.3,有色,49024.5
2015-04-15,SSE_600687,13.898305093,30.78,0.0,24625.3,有色,49024.5
2015-04-16,SSE_600687,14.214380907,31.48,0.0,24625.3,有色,49024.5
2015-04-17,SSE_600687,14.038281525,31.09,0.0,24625.3,有色,49024.5
2015-04-20,SSE_600687,13.257122726,29.36,0.0,24625.3,有色,49024.5
2015-04-21,SSE_600687,13.744782554,30.44,0.0,24625.3,有色,49024.5
2015-04-22,SSE_600687,14.300172914,31.67,0.0,24625.3,有色,49024.5
2015-04-23,SSE_600687,14.38596492,31.86,0.0,24625.3,有色,49024.5
2015-04-24,SSE_600687,14.891686223,32.98,0.0,24625.3,有色,49024.5
2015-04-27,SSE_600687,14.963932124,33.14,0.0,24625.3,有色,49024.5
2015-04-28,SSE_600687,14.16471185,31.37,0.0,24625.3,有色,49024.5
2015-04-29,SSE_600687,14.679463891,32.51,0.0,24625.3,有色,49024.5
2015-04-30,SSE_600687,14.796863479,32.77,0.0,24625.3,有色,49024.5
2015-05-04,SSE_600687,14.417572502,31.93,0.0,24625.3,有色,49024.5
2015-05-05,SSE_600687,13.929912674,30.85,0.0,24625.3,有色,49024.5
2015-05-06,SSE_600687,13.947974149,30.89,0.0,24625.3,有色,49024.5
2015-05-07,SSE_600687,13.875728249,30.73,0.0,24625.3,有色,49024.5
2015-05-08,SSE_600687,15.004570443,33.23,0.0,24625.3,有色,49024.5
2015-05-11,SSE_600687,16.422396238,36.37,0.0,24625.3,有色,49024.5
2015-05-12,SSE_600687,17.397715894,38.53,0.0,24625.3,有色,49024.5
2015-05-13,SSE_600687,16.652680046,36.88,0.0,24625.3,有色,49024.5
2015-05-14,SSE_600687,16.89650996,37.42,0.0,24625.3,有色,49024.5
2015-05-15,SSE_600687,17.515115482,38.79,0.0,24625.3,有色,49024.5
2015-05-18,SSE_600687,18.291758912,40.51,0.0,24625.3,有色,49024.5
2015-05-19,SSE_600687,18.025352154,39.92,0.0,24625.3,有色,49024.5
2015-05-20,SSE_600687,17.844737403,39.52,0.0,24625.3,有色,49024.5
2015-05-21,SSE_600687,18.233059118,40.38,0.0,24625.3,有色,49024.5
2015-05-22,SSE_600687,17.727337815,39.26,0.0,24625.3,有色,49024.5
2015-05-25,SSE_600687,17.569299908,38.91,0.0,24625.3,有色,49024.5
2015-05-26,SSE_600687,19.325778361,42.8,0.0,24625.3,有色,49024.5
2015-05-27,SSE_600687,20.793273214,46.05,0.0,24625.3,有色,49024.5
2015-05-28,SSE_600687,18.829087796,41.7,0.0,24625.3,有色,49024.5
2015-05-29,SSE_600687,19.262563199,42.66,0.0,24625.3,有色,49024.5
2015-06-01,SSE_600687,21.190625666,46.93,0.0,24625.3,有色,49024.5
2015-06-02,SSE_600687,22.242706591,49.26,0.0,24625.3,有色,49024.5
2015-06-03,SSE_600687,21.226748616,47.01,0.0,24625.3,有色,49024.5
2015-06-04,SSE_600687,20.684904363,45.81,0.0,24625.3,有色,49024.5
2015-06-05,SSE_600687,20.982918702,46.47,0.0,24625.3,有色,49024.5
2015-06-08,SSE_600687,19.321262993,42.79,0.0,24625.3,有色,49024.5
2015-06-09,SSE_600687,19.416085737,43.0,0.0,24625.3,有色,49024.5
2015-06-10,SSE_600687,20.161121585,44.65,0.0,24625.3,有色,49024.5
2015-06-11,SSE_600687,20.386890024,45.15,0.0,24625.3,有色,49024.5
2015-06-12,SSE_600687,19.980506834,44.25,0.0,24625.3,有色,49024.5
2015-06-15,SSE_600687,19.050340866,42.19,0.0,24625.3,有色,49024.5
2015-06-16,SSE_600687,18.603319357,41.2,0.0,24625.3,有色,49024.5
2015-06-17,SSE_600687,19.623792701,43.46,0.0,24625.3,有色,49024.5
2015-06-18,SSE_600687,20.251428961,44.85,0.0,24625.3,有色,49024.5
2015-06-19,SSE_600687,20.680388994,45.8,0.0,24625.3,有色,49024.5
2015-06-23,SSE_600687,20.675873626,45.79,0.0,24625.3,有色,49024.5
2015-06-24,SSE_600687,22.743912525,50.37,0.0,24625.3,有色,49024.5
2015-06-25,SSE_600687,22.594905355,50.04,0.0,24625.3,有色,49024.5
2015-06-26,SSE_600687,20.337220967,45.04,0.0,24625.3,有色,49024.5
2015-06-29,SSE_600687,18.305305018,40.54,0.0,24625.3,有色,49024.5
2015-06-30,SSE_600687,17.722822446,39.25,0.0,24625.3,有色,49024.5
2015-07-01,SSE_600687,15.952797886,35.33,0.0,24625.3,有色,49024.5
2015-07-02,SSE_600687,14.358872708,31.8,0.0,24625.3,有色,49024.5
2015-07-20,SSE_600687,15.792950417,34.91,0.0,24625.3,有色,49024.5
2015-07-21,SSE_600687,16.548442459,36.58,0.0,24625.3,有色,49024.5
2015-07-22,SSE_600687,17.412508208,38.49,0.0,24625.3,有色,49024.5
2015-07-23,SSE_600687,18.036807021,39.87,0.0,24625.3,有色,49024.5
2015-07-24,SSE_600687,17.67941857,39.08,0.0,24625.3,有色,49024.5
2015-07-27,SSE_600687,15.960334881,35.28,0.0,24625.3,有色,49024.5
2015-07-28,SSE_600687,15.326988259,33.88,0.0,24625.3,有色,49024.5
2015-07-30,SSE_600687,16.353914568,36.15,0.0,24625.3,有色,49024.5
2015-07-31,SSE_600687,16.17295839,35.75,0.0,24625.3,有色,49024.5
2015-08-03,SSE_600687,14.557924503,32.18,0.0,24625.3,有色,49024.5
2015-08-04,SSE_600687,15.829141652,34.99,0.0,24625.3,有色,49024.5
2015-08-05,SSE_600687,15.738663563,34.79,0.0,24625.3,有色,49024.5
2015-08-06,SSE_600687,16.209149626,35.83,0.0,24625.3,有色,49024.5
2015-08-07,SSE_600687,16.313199428,36.06,0.0,24625.3,有色,49024.5
2015-08-10,SSE_600687,17.539177533,38.77,0.0,24625.3,有色,49024.5
2015-08-11,SSE_600687,17.385364781,38.43,0.0,24625.3,有色,49024.5
2015-08-12,SSE_600687,17.656799048,39.03,0.0,24625.3,有色,49024.5
2015-08-13,SSE_600687,17.828707417,39.41,0.0,24625.3,有色,49024.5
2015-08-14,SSE_600687,17.588940481,38.88,0.0,24625.3,有色,49024.5
2015-08-17,SSE_600687,17.457747253,38.59,0.0,24625.3,有色,49024.5
2015-08-18,SSE_600687,17.331077928,38.31,0.0,24625.3,有色,49024.5
2015-08-19,SSE_600687,17.371793068,38.4,0.0,24625.3,有色,49024.5
2015-08-20,SSE_600687,17.326554024,38.3,0.0,24625.3,有色,49024.5
2015-08-21,SSE_600687,17.344649641,38.34,0.0,24625.3,有色,49024.5
2015-08-24,SSE_600687,15.611994239,34.51,0.0,24625.3,有色,49024.5
2015-08-25,SSE_600687,14.051247206,31.06,0.0,24625.3,有色,49024.5
2015-08-26,SSE_600687,12.644312923,27.95,0.0,24625.3,有色,49024.5
2015-09-14,SSE_600687,11.382143583,25.16,0.0,24625.3,有色,49024.5
2015-09-15,SSE_600687,10.242119663,22.64,0.0,24625.3,有色,49024.5
2015-09-16,SSE_600687,11.264522068,24.9,0.0,24625.3,有色,49024.5
2015-09-17,SSE_600687,11.594767092,25.63,0.0,24625.3,有色,49024.5
2015-09-18,SSE_600687,11.69429299,25.85,0.0,24625.3,有色,49024.5
2015-09-21,SSE_600687,11.725960321,25.92,0.0,24625.3,有色,49024.5
2015-09-22,SSE_600687,11.558575856,25.55,0.0,24625.3,有色,49024.5
2015-09-23,SSE_600687,11.879773072,26.26,0.0,24625.3,有色,49024.5
2015-09-24,SSE_600687,12.051681441,26.64,0.0,24625.3,有色,49024.5
2015-09-25,SSE_600687,12.719409737,12.78,0.0,24625.3,有色,49024.5
2015-09-28,SSE_600687,12.948319302,13.01,0.0,54175.6,有色,107853.9
2015-09-29,SSE_600687,13.336470303,13.4,0.0,54175.6,有色,107853.9
2015-09-30,SSE_600687,13.306612534,13.37,0.0,54175.6,有色,107853.9
2015-10-08,SSE_600687,13.694763535,13.76,0.0,54175.6,有色,107853.9
2015-10-09,SSE_600687,13.376280662,13.44,0.0,54175.6,有色,107853.9
2015-10-12,SSE_600687,14.033151588,14.1,0.0,54175.6,有色,107853.9
2015-10-13,SSE_600687,15.048315745,15.12,0.0,54175.6,有色,107853.9
2015-10-14,SSE_600687,15.854475517,15.93,0.0,54175.6,有色,107853.9
2015-10-15,SSE_600687,16.670587879,16.75,0.0,54175.6,有色,107853.9
2015-10-16,SSE_600687,16.481488673,16.56,0.0,54175.6,有色,107853.9
2015-10-19,SSE_600687,16.332199827,16.41,0.0,54175.6,有色,107853.9
2015-10-20,SSE_600687,16.511346443,16.59,0.0,54175.6,有色,107853.9
2015-10-21,SSE_600687,14.859216539,14.93,0.0,54175.6,有色,107853.9
2015-10-22,SSE_600687,15.396656387,15.47,0.0,54175.6,有色,107853.9
2015-10-23,SSE_600687,15.824617748,15.9,0.0,54175.6,有色,107853.9
2015-10-26,SSE_600687,15.854475517,15.93,0.0,54175.6,有色,107853.9
2015-10-27,SSE_600687,15.526040055,15.6,0.0,54175.6,有色,107853.9
2015-10-28,SSE_600687,14.938837258,15.01,0.0,54175.6,有色,107853.9
2015-10-29,SSE_600687,15.028410566,15.1,0.0,54175.6,有色,107853.9
2015-10-30,SSE_600687,14.889074309,14.96,0.0,54175.6,有色,107853.9
2015-11-02,SSE_600687,15.197604592,15.27,0.0,54175.6,有色,107853.9
2015-11-03,SSE_600687,15.655423722,15.73,0.0,54175.6,有色,107853.9
2015-11-04,SSE_600687,16.372010186,16.45,0.0,54175.6,有色,107853.9
2015-11-05,SSE_600687,16.292389468,16.37,0.0,54175.6,有色,107853.9
2015-11-06,SSE_600687,16.282436878,16.36,0.0,54175.6,有色,107853.9
2015-11-09,SSE_600687,16.352105006,16.43,0.0,54175.6,有色,107853.9
2015-11-10,SSE_600687,16.352105006,16.43,0.0,54175.6,有色,107853.9
2015-11-11,SSE_600687,17.168217368,17.25,0.0,54175.6,有色,107853.9
2015-11-12,SSE_600687,17.96442455,18.05,0.0,54175.6,有色,107853.9
2015-11-13,SSE_600687,18.163476346,18.25,0.0,54175.6,有色,107853.9
2015-11-16,SSE_600687,19.32792935,19.42,0.0,54175.6,有色,107853.9
2015-11-17,SSE_600687,19.984800275,20.08,0.0,54175.6,有色,107853.9
2015-11-18,SSE_600687,20.054468404,20.15,0.0,54175.6,有色,107853.9
2015-11-19,SSE_600687,21.039774792,21.14,0.0,54175.6,有色,107853.9
2015-11-20,SSE_600687,21.826029384,21.93,0.0,54175.6,有色,107853.9
2015-11-23,SSE_600687,21.408020614,21.51,0.0,54175.6,有色,107853.9
2015-11-24,SSE_600687,21.13930069,21.24,0.0,54175.6,有色,107853.9
2015-11-25,SSE_600687,21.417973204,21.52,0.0,54175.6,有色,107853.9
2015-11-26,SSE_600687,22.612283977,22.72,0.0,54175.6,有色,107853.9
2015-11-27,SSE_600687,20.362998687,20.46,0.0,54175.6,有色,107853.9
2015-11-30,SSE_600687,19.915132147,20.01,0.0,54175.6,有色,107853.9
2015-12-01,SSE_600687,20.22366243,20.32,0.0,54175.6,有色,107853.9
2015-12-02,SSE_600687,20.014658045,20.11,0.0,54175.6,有色,107853.9
2015-12-03,SSE_600687,20.193804661,20.29,0.0,54175.6,有色,107853.9
2015-12-04,SSE_600687,20.333140918,20.43,0.0,54175.6,有色,107853.9
2015-12-07,SSE_600687,20.900438535,21.0,0.0,54175.6,有色,107853.9
2015-12-08,SSE_600687,20.641671201,20.74,0.0,54175.6,有色,107853.9
2015-12-09,SSE_600687,21.009917023,21.11,0.0,54175.6,有色,107853.9
2015-12-10,SSE_600687,20.810865227,20.91,0.0,54175.6,有色,107853.9
2015-12-11,SSE_600687,20.711339329,20.81,0.0,54175.6,有色,107853.9
2015-12-14,SSE_600687,20.711339329,20.81,0.0,54175.6,有色,107853.9
2015-12-15,SSE_600687,21.248779177,21.35,0.0,54175.6,有色,107853.9
2015-12-16,SSE_600687,21.358257665,21.46,0.0,54175.6,有色,107853.9
2015-12-17,SSE_600687,21.855887154,21.96,0.0,54175.6,有色,107853.9
2015-12-18,SSE_600687,21.388115434,21.49,0.0,54175.6,有色,107853.9
2015-12-21,SSE_600687,21.328399896,21.43,0.0,54175.6,有色,107853.9
2015-12-22,SSE_600687,21.915602692,22.02,0.0,54175.6,有色,107853.9
2015-12-23,SSE_600687,23.249249723,23.36,0.0,54175.6,有色,107853.9
2015-12-24,SSE_600687,23.557780006,23.67,0.0,54175.6,有色,107853.9
2015-12-25,SSE_600687,23.786689571,23.9,0.0,54175.6,有色,107853.9
2015-12-28,SSE_600687,23.020340158,23.13,0.0,54175.6,有色,107853.9
2015-12-29,SSE_600687,23.239297133,23.35,0.0,54175.6,有色,107853.9
2015-12-30,SSE_600687,23.637400724,23.75,0.0,54175.6,有色,107853.9
2015-12-31,SSE_600687,23.468206698,23.58,0.0,54175.6,有色,107853.9
2016-01-04,SSE_600687,21.11939551,21.22,0.0,54175.6,有色,148871.5
2016-01-05,SSE_600687,21.10944292,21.21,0.0,54175.6,有色,148871.5
2016-01-06,SSE_600687,21.487641332,21.59,0.0,54175.6,有色,148871.5
2016-01-07,SSE_600687,19.367739709,19.46,0.0,54175.6,有色,148871.5
2016-01-08,SSE_600687,19.258261222,19.35,0.0,54175.6,有色,148871.5
2016-01-11,SSE_600687,17.337411394,17.42,0.0,54175.6,有色,148871.5
2016-01-12,SSE_600687,16.322247237,16.4,0.0,54175.6,有色,148871.5
2016-01-13,SSE_600687,16.680540469,16.76,0.0,54175.6,有色,148871.5
2016-01-14,SSE_600687,17.685752037,17.77,0.0,54175.6,有色,148871.5
2016-01-15,SSE_600687,17.208027727,17.29,0.0,54175.6,有色,148871.5
2016-01-18,SSE_600687,17.158264778,17.24,0.0,54175.6,有色,148871.5
2016-01-19,SSE_600687,17.745467575,17.83,0.0,54175.6,有色,148871.5
2016-01-20,SSE_600687,18.063950448,18.15,0.0,54175.6,有色,148871.5
2016-01-21,SSE_600687,17.178169958,17.26,0.0,54175.6,有色,148871.5
2016-01-22,SSE_600687,16.799971546,16.88,0.0,54175.6,有色,148871.5
2016-01-25,SSE_600687,15.804712568,15.88,0.0,54175.6,有色,148871.5
2016-01-26,SSE_600687,14.222250794,14.29,0.0,54175.6,有色,148871.5
2016-01-27,SSE_600687,14.948789847,15.02,0.0,54175.6,有色,148871.5
2016-01-28,SSE_600687,15.078173515,15.15,0.0,54175.6,有色,148871.5
2016-01-29,SSE_600687,15.356846028,15.43,0.0,54175.6,有色,148871.5
2016-02-01,SSE_600687,15.476277106,15.55,0.0,54175.6,有色,148871.5
2016-02-02,SSE_600687,15.575803003,15.65,0.0,54175.6,有色,148871.5
2016-02-03,SSE_600687,15.516087465,15.59,0.0,54175.6,有色,148871.5
2016-02-04,SSE_600687,15.665376311,15.74,0.0,54175.6,有色,148871.5
2016-02-05,SSE_600687,15.73504444,15.81,0.0,107853.9,有色,148871.5
2016-02-15,SSE_600687,16.043574723,16.12,0.0,107853.9,有色,148871.5
2016-02-16,SSE_600687,16.352105006,16.43,0.0,107853.9,有色,148871.5
2016-02-17,SSE_600687,16.521299032,16.6,0.0,107853.9,有色,148871.5
2016-02-18,SSE_600687,15.963954005,16.04,0.0,107853.9,有色,148871.5
2016-02-19,SSE_600687,15.954001415,16.03,0.0,107853.9,有色,148871.5
2016-02-22,SSE_600687,16.541204212,16.62,0.0,107853.9,有色,148871.5
2016-02-23,SSE_600687,16.093337672,16.17,0.0,107853.9,有色,148871.5
2016-02-24,SSE_600687,16.411820545,16.49,0.0,107853.9,有色,148871.5
2016-02-25,SSE_600687,14.908979488,14.98,0.0,107853.9,有色,148871.5
2016-02-26,SSE_600687,15.625565952,15.7,0.0,107853.9,有色,148871.5
2016-03-01,SSE_600687,16.212768749,16.29,0.0,107853.9,有色,148871.5
2016-03-02,SSE_600687,16.501393853,16.58,0.0,107853.9,有色,148871.5
2016-03-03,SSE_600687,16.272484288,16.35,0.0,107853.9,有色,148871.5
2016-03-04,SSE_600687,16.391915365,16.47,0.0,107853.9,有色,148871.5
2016-03-07,SSE_600687,16.471536084,16.55,0.0,107853.9,有色,148871.5
2016-03-08,SSE_600687,16.551156802,16.63,0.0,107853.9,有色,148871.5
2016-03-09,SSE_600687,15.595708183,15.67,0.0,107853.9,有色,148871.5
2016-03-10,SSE_600687,15.645471132,15.72,0.0,107853.9,有色,148871.5
2016-03-11,SSE_600687,15.098078694,15.17,0.0,107853.9,有色,148871.5
2016-03-14,SSE_600687,15.307083079,15.38,0.0,107853.9,有色,148871.5
2016-03-15,SSE_600687,15.028410566,15.1,0.0,107853.9,有色,148871.5
2016-03-16,SSE_600687,14.899026899,14.97,0.0,107853.9,有色,148871.5
2016-03-17,SSE_600687,15.396656387,15.47,0.0,107853.9,有色,148871.5
2016-03-18,SSE_600687,16.322247237,16.4,0.0,107853.9,有色,148871.5
2016-03-21,SSE_600687,17.168217368,17.25,0.0,107853.9,有色,148871.5
2016-03-22,SSE_600687,16.909450034,16.99,0.0,107853.9,有色,148871.5
2016-03-23,SSE_600687,16.690493059,16.77,0.0,107853.9,有色,148871.5
2016-03-24,SSE_600687,16.64073011,16.72,0.0,107853.9,有色,148871.5
2016-03-25,SSE_600687,16.690493059,16.77,0.0,107853.9,有色,148871.5
2016-03-28,SSE_600687,17.377221753,17.46,0.0,107853.9,有色,148871.5
2016-03-29,SSE_600687,17.54641578,17.63,0.0,107853.9,有色,148871.5
2016-03-30,SSE_600687,18.073903038,18.16,0.0,107853.9,有色,148871.5
2016-03-31,SSE_600687,17.914661601,18.0,0.0,107853.9,有色,148871.5
2016-04-01,SSE_600687,17.864898653,17.95,0.0,107853.9,有色,148871.5
2016-04-05,SSE_600687,17.825088293,17.91,0.0,107853.9,有色,148871.5
2016-04-06,SSE_600687,17.576273549,17.66,0.0,107853.9,有色,148871.5
2016-04-07,SSE_600687,17.06869147,17.15,0.0,107853.9,有色,148871.5
2016-04-08,SSE_600687,17.735514985,17.82,0.0,107853.9,有色,148871.5
2016-04-11,SSE_600687,19.158735324,19.25,0.0,107853.9,有色,148871.5
2016-04-12,SSE_600687,19.646412223,19.74,0.0,107853.9,有色,148871.5
2016-04-13,SSE_600687,19.517028556,19.61,0.0,107853.9,有色,148871.5
2016-04-14,SSE_600687,19.367739709,19.46,0.0,107853.9,有色,148871.5
2016-04-15,SSE_600687,19.377692299,19.47,0.0,107853.9,有色,148871.5
2016-04-18,SSE_600687,19.447360427,19.54,0.0,107853.9,有色,148871.5
2016-04-19,SSE_600687,19.606601864,19.7,0.0,107853.9,有色,148871.5
2016-04-20,SSE_600687,19.198545683,19.29,0.0,107853.9,有色,148871.5
2016-04-21,SSE_600687,19.039304246,19.13,0.0,107853.9,有色,148871.5
2016-04-22,SSE_600687,18.989541298,19.08,0.0,107853.9,有色,148871.5
2016-04-25,SSE_600687,19.009446477,19.1,0.0,107853.9,有色,148871.5
2016-04-26,SSE_600687,19.148782734,19.24,0.0,107853.9,有色,148871.5
2016-04-27,SSE_600687,19.78574848,19.88,0.0,107853.9,有色,148871.5
2016-04-28,SSE_600687,20.173899481,20.27,0.0,107853.9,有色,148871.5
2016-04-29,SSE_600687,20.144041712,20.24,0.0,107853.9,有色,148871.5
2016-05-03,SSE_600687,20.163946891,20.26,0.0,107853.9,有色,148871.5
2016-05-04,SSE_600687,20.144041712,20.24,0.0,107853.9,有色,148871.5
2016-05-05,SSE_600687,19.835511429,19.93,0.0,107853.9,有色,148871.5
2016-05-06,SSE_600687,19.218450862,19.31,0.0,107853.9,有色,148871.5
2016-05-09,SSE_600687,18.183381525,18.27,0.0,107853.9,有色,148871.5
2016-05-10,SSE_600687,17.367269164,17.45,0.0,107853.9,有色,148871.5
2016-05-11,SSE_600687,16.133148031,16.21,0.0,107853.9,有色,148871.5
2016-05-12,SSE_600687,15.804712568,15.88,0.0,107853.9,有色,148871.5
2016-05-13,SSE_600687,15.874380697,15.95,0.0,107853.9,有色,148871.5
2016-05-16,SSE_600687,15.71513926,15.79,0.0,107853.9,有色,148871.5
2016-05-17,SSE_600687,15.764902209,15.84,0.0,107853.9,有色,148871.5
2016-05-18,SSE_600687,15.595708183,15.67,0.0,107853.9,有色,148871.5
2016-05-19,SSE_600687,15.615613363,15.69,0.0,107853.9,有色,148871.5
2016-05-20,SSE_600687,15.615613363,15.69,0.0,107853.9,有色,148871.5
2016-05-23,SSE_600687,15.754949619,15.83,0.0,107853.9,有色,148871.5
2016-05-24,SSE_600687,16.531251622,16.61,0.0,107853.9,有色,148871.5
2016-05-25,SSE_600687,16.421773135,16.5,0.0,107853.9,有色,148871.5
2016-05-26,SSE_600687,16.20281616,16.28,0.0,107853.9,有色,148871.5
2016-05-27,SSE_600687,16.242626519,16.32,0.0,107853.9,有色,148871.5
2016-05-30,SSE_600687,16.262531698,16.34,0.0,107853.9,有色,148871.5
2016-05-31,SSE_600687,16.531251622,16.61,0.0,107853.9,有色,148871.5
2016-06-01,SSE_600687,16.381962776,16.46,0.0,107853.9,有色,148871.5
2016-06-02,SSE_600687,16.362057596,16.44,0.0,107853.9,有色,148871.5
2016-06-03,SSE_600687,16.202525042,16.25,0.0,107853.9,有色,148871.5
2016-06-06,SSE_600687,16.551502504,16.6,0.0,107853.9,有色,148871.5
2016-06-07,SSE_600687,16.461765442,16.51,0.0,107853.9,有色,148871.5
2016-06-08,SSE_600687,16.481707012,16.53,0.0,107853.9,有色,148871.5
2016-06-13,SSE_600687,16.142700334,16.19,0.0,107853.9,有色,148871.5
2016-06-14,SSE_600687,15.743868948,15.79,0.0,107853.9,有色,148871.5
2016-06-15,SSE_600687,15.903401503,15.95,0.0,107853.9,有色,148871.5
2016-06-16,SSE_600687,16.122758765,16.17,0.0,107853.9,有色,148871.5
2016-06-17,SSE_600687,15.96322621,16.01,0.0,107853.9,有色,148871.5
2016-06-20,SSE_600687,15.843576795,15.89,0.0,107853.9,有色,148871.5
2016-06-21,SSE_600687,15.68404424,15.73,0.0,107853.9,有色,148871.5
2016-06-22,SSE_600687,15.813664441,15.86,0.0,107853.9,有色,148871.5
2016-06-23,SSE_600687,15.993138564,16.04,0.0,107853.9,有色,148871.5
2016-06-24,SSE_600687,16.461765442,16.51,0.0,107853.9,有色,148871.5
2016-06-27,SSE_600687,16.122758765,16.17,0.0,107853.9,有色,148871.5
2016-06-28,SSE_600687,16.052963272,16.1,0.0,107853.9,有色,148871.5
2016-06-29,SSE_600687,16.082875626,16.13,0.0,107853.9,有色,148871.5
2016-06-30,SSE_600687,16.212495826,16.26,0.0,107853.9,有色,148871.5
2016-07-01,SSE_600687,16.272320534,16.32,0.0,107853.9,有色,148871.5
2016-07-04,SSE_600687,16.760888982,16.81,0.0,107853.9,有色,148871.5
2016-07-05,SSE_600687,16.54153172,16.59,0.0,107853.9,有色,148871.5
2016-07-06,SSE_600687,17.528639399,17.58,0.0,107853.9,有色,148871.5
2016-07-07,SSE_600687,17.678201169,17.73,0.0,107853.9,有色,148871.5
2016-07-08,SSE_600687,17.598434891,17.65,0.0,107853.9,有色,148871.5
2016-07-11,SSE_600687,17.867646077,17.92,0.0,107853.9,有色,148871.5
2016-07-12,SSE_600687,17.578493322,17.63,0.0,107853.9,有色,148871.5
2016-07-13,SSE_600687,17.428931553,17.48,0.0,107853.9,有色,148871.5
2016-07-14,SSE_600687,17.279369783,17.33,0.0,107853.9,有色,148871.5
2016-07-15,SSE_600687,17.279369783,17.33,0.0,107853.9,有色,148871.5
2016-07-18,SSE_600687,17.089924875,17.14,0.0,107853.9,有色,148871.5
2016-07-19,SSE_600687,17.07995409,17.13,0.0,107853.9,有色,148871.5
2016-07-20,SSE_600687,16.641239566,16.69,0.0,107853.9,有色,148871.5
2016-07-21,SSE_600687,16.641239566,16.69,0.0,107853.9,有色,148871.5
2016-07-22,SSE_600687,16.372028381,16.42,0.0,107853.9,有色,148871.5
2017-01-18,SSE_600687,15.135651085,15.18,0.0,107853.9,有色,148871.5
2017-01-19,SSE_600687,15.016001669,15.06,0.0,107853.9,有色,148871.5
2017-01-20,SSE_600687,15.075826377,15.12,0.0,107853.9,有色,148871.5
2017-01-23,SSE_600687,14.926264608,14.97,0.0,107853.9,有色,148871.5
2017-01-24,SSE_600687,14.906323038,14.95,0.0,107853.9,有色,148871.5
2017-01-25,SSE_600687,14.756761269,14.8,0.0,107853.9,有色,148871.5
2017-01-26,SSE_600687,14.986089316,15.03,0.0,107853.9,有色,148871.5
2017-02-03,SSE_600687,14.736819699,14.78,0.0,107853.9,有色,148871.5
2017-02-06,SSE_600687,14.527433222,14.57,0.0,107853.9,有色,148871.5
2017-02-07,SSE_600687,14.676994992,14.72,0.0,107853.9,有色,148871.5
2017-02-08,SSE_600687,14.537404007,14.58,0.0,107853.9,有色,148871.5
2017-02-09,SSE_600687,14.547374791,14.59,0.0,107853.9,有色,148871.5
2017-02-10,SSE_600687,14.377871452,14.42,0.0,107853.9,有色,148871.5
2017-02-13,SSE_600687,15.025972454,15.07,0.0,107853.9,有色,148871.5
2017-02-14,SSE_600687,15.035943239,15.08,0.0,107853.9,有色,148871.5
2017-02-15,SSE_600687,14.916293823,14.96,0.0,107853.9,有色,148871.5
2017-02-16,SSE_600687,14.906323038,14.95,0.0,107853.9,有色,148871.5
2017-02-17,SSE_600687,14.766732053,14.81,0.0,107853.9,有色,148871.5
2017-02-20,SSE_600687,14.756761269,14.8,0.0,107853.9,有色,148871.5
2017-02-21,SSE_600687,15.285212855,15.33,0.0,107853.9,有色,148871.5
2017-02-22,SSE_600687,15.255300501,15.3,0.0,107853.9,有色,148871.5
2017-02-23,SSE_600687,15.14562187,15.19,0.0,107853.9,有色,148871.5
2017-02-24,SSE_600687,14.986089316,15.03,0.0,107853.9,有色,148871.5
2017-02-27,SSE_600687,14.756761269,14.8,0.0,107853.9,有色,148871.5
2017-02-28,SSE_600687,14.776702838,14.82,0.0,107853.9,有色,148871.5
2017-03-01,SSE_600687,14.667024207,14.71,0.0,107853.9,有色,148871.5
2017-03-02,SSE_600687,14.517462437,14.56,0.0,107853.9,有色,148871.5
2017-03-03,SSE_600687,14.268192821,14.31,0.0,107853.9,有色,148871.5
2017-03-06,SSE_600687,14.198397329,14.24,0.0,107853.9,有色,148871.5
2017-03-07,SSE_600687,14.228309683,14.27,0.0,107853.9,有色,148871.5
2017-03-08,SSE_600687,14.148543406,14.19,0.0,107853.9,有色,148871.5
2017-03-09,SSE_600687,14.148543406,14.19,0.0,107853.9,有色,148871.5
2017-03-10,SSE_600687,14.038864775,14.08,0.0,107853.9,有色,148871.5
2017-03-13,SSE_600687,14.038864775,14.08,0.0,107853.9,有色,148871.5
2017-03-14,SSE_600687,14.038864775,14.08,0.0,107853.9,有色,148871.5
2017-03-15,SSE_600687,14.058806344,14.1,0.0,107853.9,有色,148871.5
2017-03-16,SSE_600687,14.15851419,14.2,0.0,107853.9,有色,148871.5
2017-03-17,SSE_600687,14.148543406,14.19,0.0,107853.9,有色,148871.5
2017-03-20,SSE_600687,14.198397329,14.24,0.0,107853.9,有色,148871.5
2017-03-21,SSE_600687,14.198397329,14.24,0.0,107853.9,有色,148871.5
2017-03-22,SSE_600687,14.168484975,14.21,0.0,107853.9,有色,148871.5
2017-03-23,SSE_600687,14.078747913,14.12,0.0,107853.9,有色,148871.5
2017-03-24,SSE_600687,14.018923205,14.06,0.0,107853.9,有色,148871.5
2017-03-27,SSE_600687,13.998981636,14.04,0.0,107853.9,有色,148871.5
2017-03-28,SSE_600687,14.02889399,14.07,0.0,107853.9,有色,148871.5
2017-03-29,SSE_600687,13.939156928,13.98,0.0,107853.9,有色,148871.5
2017-03-30,SSE_600687,13.310997496,13.35,0.0,107853.9,有色,148871.5
2017-03-31,SSE_600687,13.151464942,13.19,0.0,107853.9,有色,148871.5
2017-04-05,SSE_600687,13.19134808,13.23,0.0,107853.9,有色,148871.5
2017-04-06,SSE_600687,13.091640234,13.13,0.0,107853.9,有色,148871.5
2017-04-07,SSE_600687,13.420676127,13.46,0.0,107853.9,有色,148871.5
2017-04-10,SSE_600687,13.121552588,13.16,0.0,107853.9,有色,148871.5
2017-04-11,SSE_600687,13.111581803,13.15,0.0,107853.9,有色,148871.5
2017-04-12,SSE_600687,13.201318865,13.24,0.0,107853.9,有色,148871.5
2017-04-13,SSE_600687,12.862312187,12.9,0.0,107853.9,有色,148871.5
2017-04-14,SSE_600687,12.712750417,12.75,0.0,107853.9,有色,148871.5
2017-04-17,SSE_600687,12.393685309,12.43,0.0,107853.9,有色,148871.5
2017-04-18,SSE_600687,12.563188648,12.6,0.0,107853.9,有色,148871.5
2017-04-19,SSE_600687,13.091640234,13.13,0.0,107853.9,有色,148871.5
2017-04-20,SSE_600687,13.081669449,13.12,0.0,107853.9,有色,148871.5
2017-04-21,SSE_600687,13.261143573,13.3,0.0,107853.9,有色,148871.5
2017-04-24,SSE_600687,12.802487479,12.84,0.0,107853.9,有色,148871.5
2017-04-25,SSE_600687,12.872282972,12.91,0.0,107853.9,有色,148871.5
2017-04-26,SSE_600687,13.380792988,13.42,0.0,107853.9,有色,148871.5
2017-04-27,SSE_600687,13.360851419,13.4,0.0,107853.9,有色,148871.5
2017-04-28,SSE_600687,13.201318865,13.24,0.0,107853.9,有色,148871.5
2017-05-02,SSE_600687,13.051757095,13.09,0.0,107853.9,有色,148871.5
2017-05-03,SSE_600687,12.981961603,13.02,0.0,107853.9,有色,148871.5
2017-05-04,SSE_600687,12.822429048,12.86,0.0,107853.9,有色,148871.5
2017-05-05,SSE_600687,12.862312187,12.9,0.0,107853.9,有色,148871.5
2017-05-08,SSE_600687,12.682838063,12.72,0.0,107853.9,有色,148871.5
2017-05-09,SSE_600687,12.742662771,12.78,0.0,107853.9,有色,148871.5
2017-05-10,SSE_600687,12.812458264,12.85,0.0,107853.9,有色,148871.5
2017-05-11,SSE_600687,12.832399833,12.87,0.0,107853.9,有色,148871.5
2017-05-12,SSE_600687,12.732691987,12.77,0.0,107853.9,有色,148871.5
2017-05-15,SSE_600687,12.423597663,12.46,0.0,107853.9,有色,148871.5
2017-05-16,SSE_600687,12.78254591,12.82,0.0,107853.9,有色,148871.5
2017-05-17,SSE_600687,12.792516694,12.83,0.0,107853.9,有色,148871.5
2017-05-18,SSE_600687,12.822429048,12.86,0.0,107853.9,有色,148871.5
2017-05-19,SSE_600687,12.732691987,12.77,0.0,107853.9,有色,148871.5
2017-05-22,SSE_600687,12.682838063,12.72,0.0,107853.9,有色,148871.5
2017-05-23,SSE_600687,12.583130217,12.62,0.0,107853.9,有色,148871.5
2017-05-24,SSE_600687,12.383714524,12.42,0.0,107853.9,有色,148871.5
2017-05-25,SSE_600687,12.453510017,12.49,0.0,107853.9,有色,148871.5
2017-05-26,SSE_600687,12.553217863,12.59,0.0,107853.9,有色,148871.5
2017-05-31,SSE_600687,12.453510017,12.49,0.0,107853.9,有色,148871.5
2017-06-01,SSE_600687,12.553217863,12.59,0.0,107853.9,有色,148871.5
2017-06-02,SSE_600687,12.493393155,12.53,0.0,107853.9,有色,148871.5
2017-06-05,SSE_600687,12.413626878,12.45,0.0,107853.9,有色,148871.5
2017-06-06,SSE_600687,12.403656093,12.44,0.0,107853.9,有色,148871.5
2017-06-07,SSE_600687,12.443539232,12.48,0.0,107853.9,有色,148871.5
2017-06-08,SSE_600687,12.593101002,12.63,0.0,107853.9,有色,148871.5
2017-06-09,SSE_600687,12.473451586,12.51,0.0,107853.9,有色,148871.5
2017-06-12,SSE_600687,12.50336394,12.54,0.0,107853.9,有色,148871.5
2017-06-13,SSE_600687,12.603071786,12.64,0.0,107853.9,有色,148871.5
2017-06-14,SSE_600687,12.603071786,12.64,0.0,107853.9,有色,148871.5
2017-06-15,SSE_600687,12.553217863,12.59,0.0,107853.9,有色,148871.5
2017-06-16,SSE_600687,12.543247078,12.58,0.0,107853.9,有色,148871.5
2017-06-19,SSE_600687,12.732691987,12.77,0.0,107853.9,有色,148871.5
2017-06-20,SSE_600687,12.962020033,13.0,0.0,107853.9,有色,148871.5
2017-06-21,SSE_600687,12.981961603,13.02,0.0,107853.9,有色,148871.5
2017-06-22,SSE_600687,12.832399833,12.87,0.0,107853.9,有色,148871.5
2017-06-23,SSE_600687,12.822429048,12.86,0.0,107853.9,有色,148871.5
2017-06-26,SSE_600687,12.971990818,13.01,0.0,107853.9,有色,148871.5
2017-06-27,SSE_600687,12.91216611,12.95,0.0,107853.9,有色,148871.5
2017-06-28,SSE_600687,12.692808848,12.73,0.0,107853.9,有色,148871.5
2017-06-29,SSE_600687,12.852341402,12.89,0.0,107853.9,有色,148871.5
2017-06-30,SSE_600687,12.842370618,12.88,0.0,107853.9,有色,148871.5
2017-07-03,SSE_600687,12.752633556,12.79,0.0,107853.9,有色,148871.5
2017-07-04,SSE_600687,12.702779633,12.74,0.0,107853.9,有色,148871.5
2017-07-05,SSE_600687,12.623013356,12.66,0.0,107853.9,有色,148871.5
2017-07-06,SSE_600687,12.483422371,12.52,0.0,107853.9,有色,148871.5
2017-07-07,SSE_600687,12.443539232,12.48,0.0,107853.9,有色,148871.5
2017-07-10,SSE_600687,12.363772955,12.4,0.0,107853.9,有色,148871.5
2017-07-11,SSE_600687,12.22418197,12.26,0.0,107853.9,有色,148871.5
2017-07-12,SSE_600687,12.154386477,12.19,0.0,107853.9,有色,148871.5
2017-07-13,SSE_600687,12.164357262,12.2,0.0,107853.9,有色,148871.5
2017-07-14,SSE_600687,12.044707846,12.08,0.0,107853.9,有色,148871.5
2017-07-17,SSE_600687,11.576080968,11.61,0.0,107853.9,有色,148871.5
2017-07-18,SSE_600687,11.476373122,11.51,0.0,107853.9,有色,148871.5
2017-07-19,SSE_600687,11.855262938,11.89,0.0,107853.9,有色,148871.5
2017-07-20,SSE_600687,11.945,11.98,0.0,107853.9,有色,148871.5
2017-07-21,SSE_600687,12.38,12.38,0.0,107853.9,有色,148871.5
2017-07-24,SSE_600687,12.45,12.45,0.0,107853.9,有色,148871.5
2017-07-25,SSE_600687,12.28,12.28,0.0,107853.9,有色,148871.5
2017-07-26,SSE_600687,12.78,12.78,0.0,107853.9,有色,148871.5
2017-07-27,SSE_600687,13.03,13.03,0.0,107853.9,有色,148871.5
2017-07-28,SSE_600687,12.88,12.88,0.0,107853.9,有色,148871.5
2017-07-31,SSE_600687,12.97,12.97,0.0,107853.9,有色,148871.5
2017-08-01,SSE_600687,12.99,12.99,0.0,107853.9,有色,148871.5
2017-08-02,SSE_600687,13.26,13.26,0.0,107853.9,有色,148871.5
2017-08-03,SSE_600687,13.08,13.08,0.0,107853.9,有色,148871.5
2017-08-04,SSE_600687,12.97,12.97,0.0,107853.9,有色,148871.5
2017-08-07,SSE_600687,13.04,13.04,0.0,107853.9,有色,148871.5
2017-08-08,SSE_600687,13.04,13.04,0.0,107853.9,有色,148871.5
2017-08-09,SSE_600687,13.05,13.05,0.0,107853.9,有色,148871.5
2017-08-10,SSE_600687,13.11,13.11,0.0,107853.9,有色,148871.5
2017-08-11,SSE_600687,13.03,13.03,0.0,107853.9,有色,148871.5
2017-08-14,SSE_600687,13.1,13.1,0.0,107853.9,有色,148871.5
2017-08-15,SSE_600687,13.04,13.04,0.0,107853.9,有色,148871.5
2017-08-16,SSE_600687,12.99,12.99,0.0,107853.9,有色,148871.5
2017-08-17,SSE_600687,13.09,13.09,0.0,107853.9,有色,148871.5
2017-08-18,SSE_600687,13.03,13.03,0.0,107853.9,有色,148871.5
2017-08-21,SSE_600687,12.97,12.97,0.0,107853.9,有色,148871.5
2017-08-22,SSE_600687,13.94,13.94,0.0,107853.9,有色,148871.5
2017-08-23,SSE_600687,13.78,13.78,0.0,107853.9,有色,148871.5
2017-08-24,SSE_600687,13.53,13.53,0.0,107853.9,有色,148871.5
2017-08-25,SSE_600687,13.67,13.67,0.0,107853.9,有色,148871.5
2017-08-28,SSE_600687,13.74,13.74,0.0,107853.9,有色,148871.5
2017-08-29,SSE_600687,13.52,13.52,0.0,107853.9,有色,148871.5
2017-08-30,SSE_600687,13.51,13.51,0.0,107853.9,有色,148871.5
2017-08-31,SSE_600687,13.85,13.85,0.0,107853.9,有色,148871.5
2017-09-01,SSE_600687,13.77,13.77,0.0,107853.9,有色,148871.5
2017-09-04,SSE_600687,13.85,13.85,0.0,107853.9,有色,148871.5
2017-09-05,SSE_600687,13.77,13.77,0.0,107853.9,有色,148871.5
2017-09-06,SSE_600687,13.75,13.75,0.0,107853.9,有色,148871.5
2017-09-07,SSE_600687,13.55,13.55,0.0,107853.9,有色,148871.5
2017-09-08,SSE_600687,13.61,13.61,0.0,107853.9,有色,148871.5
2017-09-11,SSE_600687,13.6,13.6,0.0,107853.9,有色,148871.5
2017-09-12,SSE_600687,13.48,13.48,0.0,107853.9,有色,148871.5
2017-09-13,SSE_600687,13.87,13.87,0.0,107853.9,有色,148871.5
2017-09-14,SSE_600687,14.28,14.28,0.0,107853.9,有色,148871.5
2017-09-15,SSE_600687,13.84,13.84,0.0,107853.9,有色,148871.5
2017-09-18,SSE_600687,13.8,13.8,0.0,107853.9,有色,148871.5
2017-09-19,SSE_600687,13.62,13.62,0.0,107853.9,有色,148871.5
2017-09-20,SSE_600687,13.72,13.72,0.0,107853.9,有色,148871.5
2017-09-21,SSE_600687,13.57,13.57,0.0,107853.9,有色,148871.5
2017-09-22,SSE_600687,13.59,13.59,0.0,107853.9,有色,148871.5
2017-09-25,SSE_600687,13.66,13.66,0.0,107853.9,有色,148871.5
2017-09-26,SSE_600687,13.56,13.56,0.0,107853.9,有色,148871.5
2017-09-27,SSE_600687,13.61,13.61,0.0,107853.9,有色,148871.5
2017-09-28,SSE_600687,13.63,13.63,0.0,107853.9,有色,148871.5
2017-09-29,SSE_600687,13.88,13.88,0.0,107853.9,有色,148871.5
2017-10-09,SSE_600687,13.76,13.76,0.0,107853.9,有色,148871.5
2017-10-10,SSE_600687,13.56,13.56,0.0,107853.9,有色,148871.5
2017-10-11,SSE_600687,13.13,13.13,0.0,107853.9,有色,148871.5
2017-10-12,SSE_600687,13.1,13.1,0.0,107853.9,有色,148871.5
2017-10-13,SSE_600687,13.1,13.1,0.0,107853.9,有色,148871.5
2017-10-16,SSE_600687,13.01,13.01,0.0,107853.9,有色,148871.5
2017-10-17,SSE_600687,13.11,13.11,0.0,107853.9,有色,148871.5
2017-10-18,SSE_600687,13.12,13.12,0.0,107853.9,有色,148871.5
2017-10-19,SSE_600687,12.95,12.95,0.0,107853.9,有色,148871.5
2017-10-20,SSE_600687,12.93,12.93,0.0,107853.9,有色,148871.5
2017-10-23,SSE_600687,12.68,12.68,0.0,107853.9,有色,148871.5
2017-10-24,SSE_600687,12.69,12.69,0.0,107853.9,有色,148871.5
2017-10-25,SSE_600687,12.87,12.87,0.0,107853.9,有色,148871.5
2017-10-26,SSE_600687,13.2,13.2,0.0,107853.9,有色,148871.5
2017-10-27,SSE_600687,12.95,12.95,0.0,107853.9,有色,148871.5
2017-10-30,SSE_600687,12.6,12.6,0.0,107853.9,有色,148871.5
2017-10-31,SSE_600687,12.66,12.66,0.0,107853.9,有色,148871.5
2017-11-01,SSE_600687,12.44,12.44,0.0,107853.9,有色,148871.5
2017-11-02,SSE_600687,12.27,12.27,0.0,107853.9,有色,148871.5
2017-11-03,SSE_600687,12.31,12.31,0.0,107853.9,有色,148871.5
2017-11-06,SSE_600687,12.13,12.13,0.0,107853.9,有色,148871.5
2017-11-07,SSE_600687,12.08,12.08,0.0,107853.9,有色,148871.5
