Date,Code,AdjClose,Close,ST,FreeFloatA,Industry,TotalShare
2011-02-01,SZE_300173,4.5163813992,23.97,0.0,1360.0,工业机械,6700.0
2011-02-09,SZE_300173,4.3392684031,23.03,0.0,1360.0,工业机械,6700.0
2011-02-10,SZE_300173,4.6087062588,24.46,0.0,1360.0,工业机械,6700.0
2011-02-11,SZE_300173,4.5710226426,24.26,0.0,1360.0,工业机械,6700.0
2011-02-14,SZE_300173,4.6313164285,24.58,0.0,1360.0,工业机械,6700.0
2011-02-15,SZE_300173,4.557833377,24.19,0.0,1360.0,工业机械,6700.0
2011-02-16,SZE_300173,4.7066836609,24.98,0.0,1360.0,工业机械,6700.0
2011-02-17,SZE_300173,4.7029152993,24.96,0.0,1360.0,工业机械,6700.0
2011-02-18,SZE_300173,4.7556723619,25.24,0.0,1360.0,工业机械,6700.0
2011-02-21,SZE_300173,4.7801667124,25.37,0.0,1360.0,工业机械,6700.0
2011-02-22,SZE_300173,4.4994237719,23.88,0.0,1360.0,工业机械,6700.0
2011-02-23,SZE_300173,4.5502966537,24.15,0.0,1360.0,工业机械,6700.0
2011-02-24,SZE_300173,4.6426215134,24.64,0.0,1360.0,工业机械,6700.0
2011-02-25,SZE_300173,4.6520424174,24.69,0.0,1360.0,工业机械,6700.0
2011-02-28,SZE_300173,4.7217571074,25.06,0.0,1360.0,工业机械,6700.0
2011-03-01,SZE_300173,4.6784209488,24.83,0.0,1360.0,工业机械,6700.0
2011-03-02,SZE_300173,4.6445056942,24.65,0.0,1360.0,工业机械,6700.0
2011-03-03,SZE_300173,4.5691384618,24.25,0.0,1360.0,工业机械,6700.0
2011-03-04,SZE_300173,4.6520424174,24.69,0.0,1360.0,工业机械,6700.0
2011-03-07,SZE_300173,4.6916102144,24.9,0.0,1360.0,工业机械,6700.0
2011-03-08,SZE_300173,4.7368305538,25.14,0.0,1360.0,工业机械,6700.0
2011-03-09,SZE_300173,4.7443672771,25.18,0.0,1360.0,工业机械,6700.0
2011-03-10,SZE_300173,4.7933559781,25.44,0.0,1360.0,工业机械,6700.0
2011-03-11,SZE_300173,4.7914717973,25.43,0.0,1360.0,工业机械,6700.0
2011-03-14,SZE_300173,4.8988701034,26.0,0.0,1360.0,工业机械,6700.0
2011-03-15,SZE_300173,4.7858192549,25.4,0.0,1360.0,工业机械,6700.0
2011-03-16,SZE_300173,4.8611864872,25.8,0.0,1360.0,工业机械,6700.0
2011-03-17,SZE_300173,4.8611864872,25.8,0.0,1360.0,工业机械,6700.0
2011-03-18,SZE_300173,4.853649764,25.76,0.0,1360.0,工业机械,6700.0
2011-03-21,SZE_300173,4.7669774468,25.3,0.0,1360.0,工业机械,6700.0
2011-03-22,SZE_300173,4.734946373,25.13,0.0,1360.0,工业机械,6700.0
2011-03-23,SZE_300173,4.7914717973,25.43,0.0,1360.0,工业机械,6700.0
2011-03-24,SZE_300173,4.8235028711,25.6,0.0,1360.0,工业机械,6700.0
2011-03-25,SZE_300173,4.8687232105,25.84,0.0,1360.0,工业机械,6700.0
2011-03-28,SZE_300173,4.9082910075,26.05,0.0,1360.0,工业机械,6700.0
2011-03-29,SZE_300173,4.8329237751,25.65,0.0,1360.0,工业机械,6700.0
2011-03-30,SZE_300173,4.6821893104,24.85,0.0,1360.0,工业机械,6700.0
2011-03-31,SZE_300173,4.6633475023,24.75,0.0,1360.0,工业机械,6700.0
2011-04-01,SZE_300173,4.7274096498,25.09,0.0,1360.0,工业机械,6700.0
2011-04-06,SZE_300173,4.6727684063,24.8,0.0,1360.0,工业机械,6700.0
2011-04-07,SZE_300173,4.6878418528,24.88,0.0,1360.0,工业机械,6700.0
2011-04-08,SZE_300173,4.6916102144,24.9,0.0,1360.0,工业机械,6700.0
2011-04-11,SZE_300173,4.6049378972,24.44,0.0,1360.0,工业机械,6700.0
2011-04-12,SZE_300173,4.6162429821,24.5,0.0,1360.0,工业机械,6700.0
2011-04-13,SZE_300173,4.6633475023,24.75,0.0,1360.0,工业机械,6700.0
2011-04-14,SZE_300173,4.5729068235,24.27,0.0,1360.0,工业机械,6700.0
2011-04-15,SZE_300173,4.6030537164,24.43,0.0,1360.0,工业机械,6700.0
2011-04-18,SZE_300173,4.4843503254,23.8,0.0,1360.0,工业机械,6700.0
2011-04-19,SZE_300173,4.350573488,23.09,0.0,1360.0,工业机械,6700.0
2011-04-20,SZE_300173,4.3543418496,23.11,0.0,1360.0,工业机械,6700.0
2011-04-21,SZE_300173,4.3336158607,23.0,0.0,1360.0,工业机械,6700.0
2011-04-22,SZE_300173,4.3486893072,23.08,0.0,1360.0,工业机械,6700.0
2011-04-25,SZE_300173,4.182881396,22.2,0.0,1360.0,工业机械,6700.0
2011-04-26,SZE_300173,4.0434520161,21.46,0.0,1360.0,工业机械,6700.0
2011-04-27,SZE_300173,4.0321469313,21.4,0.0,1360.0,工业机械,6700.0
2011-04-29,SZE_300173,3.9096751787,20.75,0.0,1360.0,工业机械,6700.0
2011-05-03,SZE_300173,3.9059068171,20.73,0.0,1700.0,工业机械,6700.0
2011-05-04,SZE_300173,3.7457514483,19.88,0.0,1700.0,工业机械,6700.0
2011-05-05,SZE_300173,3.8192344999,20.27,0.0,1700.0,工业机械,6700.0
2011-05-06,SZE_300173,3.7570565332,19.94,0.0,1700.0,工业机械,6700.0
2011-05-09,SZE_300173,3.7853192453,20.09,0.0,1700.0,工业机械,6700.0
2011-05-10,SZE_300173,3.7721299796,20.02,0.0,1700.0,工业机械,6700.0
2011-05-11,SZE_300173,3.7645932564,19.98,0.0,1700.0,工业机械,6700.0
2011-05-12,SZE_300173,3.6346024983,14.69,0.0,2210.0,工业机械,8710.0
2011-05-13,SZE_300173,3.6346024983,14.69,0.0,2210.0,工业机械,8710.0
2011-05-16,SZE_300173,3.6123346818,14.6,0.0,2210.0,工业机械,8710.0
2011-05-17,SZE_300173,3.6073862781,14.58,0.0,2210.0,工业机械,8710.0
2011-05-18,SZE_300173,3.6321282965,14.68,0.0,2210.0,工业机械,8710.0
2011-05-19,SZE_300173,3.595015269,14.53,0.0,2210.0,工业机械,8710.0
2011-05-20,SZE_300173,3.5282118194,14.26,0.0,2210.0,工业机械,8710.0
2011-05-23,SZE_300173,3.3352240761,13.48,0.0,2210.0,工业机械,8710.0
2011-05-24,SZE_300173,3.4564599661,13.97,0.0,2210.0,工业机械,8710.0
2011-05-25,SZE_300173,3.2981110485,13.33,0.0,2210.0,工业机械,8710.0
2011-05-26,SZE_300173,3.2857400393,13.28,0.0,2210.0,工业机械,8710.0
2011-05-27,SZE_300173,3.2659464247,13.2,0.0,2210.0,工业机械,8710.0
2011-05-30,SZE_300173,3.2783174338,13.25,0.0,2210.0,工业机械,8710.0
2011-05-31,SZE_300173,3.3253272687,13.44,0.0,2210.0,工业机械,8710.0
2011-06-01,SZE_300173,3.3723371036,13.63,0.0,2210.0,工业机械,8710.0
2011-06-02,SZE_300173,3.3624402963,13.59,0.0,2210.0,工业机械,8710.0
2011-06-03,SZE_300173,3.397079122,13.73,0.0,2210.0,工业机械,8710.0
2011-06-07,SZE_300173,3.4564599661,13.97,0.0,2210.0,工业机械,8710.0
2011-06-08,SZE_300173,3.3995533238,13.74,0.0,2210.0,工业机械,8710.0
2011-06-09,SZE_300173,3.3525434889,13.55,0.0,2210.0,工业机械,8710.0
2011-06-10,SZE_300173,3.3030594522,13.35,0.0,2210.0,工业机械,8710.0
2011-06-13,SZE_300173,3.3302756724,13.46,0.0,2210.0,工业机械,8710.0
2011-06-14,SZE_300173,3.3352240761,13.48,0.0,2210.0,工业机械,8710.0
2011-06-15,SZE_300173,3.2832658375,13.27,0.0,2210.0,工业机械,8710.0
2011-06-17,SZE_300173,3.1669783512,12.8,0.0,2210.0,工业机械,8710.0
2011-06-20,SZE_300173,3.0952264979,12.51,0.0,2210.0,工业机械,8710.0
2011-06-21,SZE_300173,3.1273911218,12.64,0.0,2210.0,工业机械,8710.0
2011-06-22,SZE_300173,3.063061874,12.38,0.0,2210.0,工业机械,8710.0
2011-06-23,SZE_300173,3.139762131,12.69,0.0,2210.0,工业机械,8710.0
2011-06-24,SZE_300173,3.2040913787,12.95,0.0,2210.0,工业机械,8710.0
2011-06-27,SZE_300173,3.2807916357,13.26,0.0,2210.0,工业机械,8710.0
2011-06-28,SZE_300173,3.260998021,13.18,0.0,2210.0,工业机械,8710.0
2011-06-29,SZE_300173,3.1818235622,12.86,0.0,2210.0,工业机械,8710.0
2011-06-30,SZE_300173,3.1892461677,12.89,0.0,2210.0,工业机械,8710.0
2011-07-01,SZE_300173,3.2560496173,13.16,0.0,2210.0,工业机械,8710.0
2011-07-04,SZE_300173,3.3376982779,13.49,0.0,2210.0,工业机械,8710.0
2011-07-05,SZE_300173,3.3401724798,13.5,0.0,2210.0,工业机械,8710.0
2011-07-06,SZE_300173,3.4020275257,13.75,0.0,2210.0,工业机械,8710.0
2011-07-07,SZE_300173,3.4366663514,13.89,0.0,2210.0,工业机械,8710.0
2011-07-08,SZE_300173,3.4218211404,13.83,0.0,2210.0,工业机械,8710.0
2011-07-11,SZE_300173,3.4787277826,14.06,0.0,2210.0,工业机械,8710.0
2011-07-12,SZE_300173,3.3995533238,13.74,0.0,2210.0,工业机械,8710.0
2011-07-13,SZE_300173,3.4638825716,14.0,0.0,2210.0,工业机械,8710.0
2011-07-14,SZE_300173,3.5455312322,14.33,0.0,2210.0,工业机械,8710.0
2011-07-15,SZE_300173,3.6073862781,14.58,0.0,2210.0,工业机械,8710.0
2011-07-18,SZE_300173,3.5579022414,14.38,0.0,2210.0,工业机械,8710.0
2011-07-19,SZE_300173,3.48862459,14.1,0.0,2210.0,工业机械,8710.0
2011-07-20,SZE_300173,3.5158408102,14.21,0.0,2210.0,工业机械,8710.0
2011-07-21,SZE_300173,3.4045017275,13.76,0.0,2210.0,工业机械,8710.0
2011-07-22,SZE_300173,3.4490373606,13.94,0.0,2210.0,工业机械,8710.0
2011-07-25,SZE_300173,3.3179046632,13.41,0.0,2210.0,工业机械,8710.0
2011-07-26,SZE_300173,3.3179046632,13.41,0.0,2210.0,工业机械,8710.0
2011-07-27,SZE_300173,3.5504796359,14.35,0.0,2210.0,工业机械,8710.0
2011-07-28,SZE_300173,3.6172830855,14.62,0.0,2210.0,工业机械,8710.0
2011-07-29,SZE_300173,3.48862459,14.1,0.0,2210.0,工业机械,8710.0
2011-08-01,SZE_300173,3.5628506451,14.4,0.0,2210.0,工业机械,8710.0
2011-08-02,SZE_300173,3.6642929204,14.81,0.0,2210.0,工业机械,8710.0
2011-08-03,SZE_300173,3.6791381314,14.87,0.0,2210.0,工业机械,8710.0
2011-08-04,SZE_300173,3.60986048,14.59,0.0,2210.0,工业机械,8710.0
2011-08-05,SZE_300173,3.6321282965,14.68,0.0,2210.0,工业机械,8710.0
2011-08-08,SZE_300173,3.4638825716,14.0,0.0,2210.0,工业机械,8710.0
2011-08-09,SZE_300173,3.3673887,13.61,0.0,2210.0,工业机械,8710.0
2011-08-10,SZE_300173,3.4836761863,14.08,0.0,2210.0,工业机械,8710.0
2011-08-11,SZE_300173,3.595015269,14.53,0.0,2210.0,工业机械,8710.0
2011-08-12,SZE_300173,3.716251159,15.02,0.0,2210.0,工业机械,8710.0
2011-08-15,SZE_300173,3.8275902416,15.47,0.0,2210.0,工业机械,8710.0
2011-08-16,SZE_300173,3.760786792,15.2,0.0,2210.0,工业机械,8710.0
2011-08-17,SZE_300173,3.7929514159,15.33,0.0,2210.0,工业机械,8710.0
2011-08-18,SZE_300173,3.6915091406,14.92,0.0,2210.0,工业机械,8710.0
2011-08-19,SZE_300173,3.6667671222,14.82,0.0,2210.0,工业机械,8710.0
2011-08-22,SZE_300173,3.6692413241,14.83,0.0,2210.0,工业机械,8710.0
2011-08-23,SZE_300173,3.8226418379,15.45,0.0,2210.0,工业机械,8710.0
2011-08-24,SZE_300173,3.7682093975,15.23,0.0,2210.0,工业机械,8710.0
2011-08-25,SZE_300173,3.7954256177,15.34,0.0,2210.0,工业机械,8710.0
2011-08-26,SZE_300173,3.9265583151,15.87,0.0,2210.0,工业机械,8710.0
2011-08-29,SZE_300173,3.9463519298,15.95,0.0,2210.0,工业机械,8710.0
2011-08-30,SZE_300173,3.8077966269,15.39,0.0,2210.0,工业机械,8710.0
2011-09-01,SZE_300173,3.7187253608,15.03,0.0,2210.0,工业机械,8710.0
2011-09-02,SZE_300173,3.7137769571,15.01,0.0,2210.0,工业机械,8710.0
2011-09-05,SZE_300173,3.5974894708,14.54,0.0,2210.0,工业机械,8710.0
2011-09-06,SZE_300173,3.5579022414,14.38,0.0,2210.0,工业机械,8710.0
2011-09-07,SZE_300173,3.6741897277,14.85,0.0,2210.0,工业机械,8710.0
2011-09-08,SZE_300173,3.595015269,14.53,0.0,2210.0,工业机械,8710.0
2011-09-09,SZE_300173,3.5405828285,14.31,0.0,2210.0,工业机械,8710.0
2011-09-13,SZE_300173,3.4391405532,13.9,0.0,2210.0,工业机械,8710.0
2011-09-14,SZE_300173,3.48862459,14.1,0.0,2210.0,工业机械,8710.0
2011-09-15,SZE_300173,3.4787277826,14.06,0.0,2210.0,工业机械,8710.0
2011-09-16,SZE_300173,3.473779379,14.04,0.0,2210.0,工业机械,8710.0
2011-09-19,SZE_300173,3.3673887,13.61,0.0,2210.0,工业机械,8710.0
2011-09-20,SZE_300173,3.3921307183,13.71,0.0,2210.0,工业机械,8710.0
2011-09-21,SZE_300173,3.5009955992,14.15,0.0,2210.0,工业机械,8710.0
2011-09-22,SZE_300173,3.4143985349,13.8,0.0,2210.0,工业机械,8710.0
2011-09-23,SZE_300173,3.4143985349,13.8,0.0,2210.0,工业机械,8710.0
2011-09-26,SZE_300173,3.3401724798,13.5,0.0,2210.0,工业机械,8710.0
2011-09-27,SZE_300173,3.3847081128,13.68,0.0,2210.0,工业机械,8710.0
2011-09-28,SZE_300173,3.3253272687,13.44,0.0,2210.0,工业机械,8710.0
2011-09-29,SZE_300173,3.2090397824,12.97,0.0,2210.0,工业机械,8710.0
2011-09-30,SZE_300173,3.2164623879,13.0,0.0,2210.0,工业机械,8710.0
2011-10-10,SZE_300173,3.2065655806,12.96,0.0,2210.0,工业机械,8710.0
2011-10-11,SZE_300173,3.2288333971,13.05,0.0,2210.0,工业机械,8710.0
2011-10-12,SZE_300173,3.3302756724,13.46,0.0,2210.0,工业机械,8710.0
2011-10-13,SZE_300173,3.4143985349,13.8,0.0,2210.0,工业机械,8710.0
2011-10-14,SZE_300173,3.4069759294,13.77,0.0,2210.0,工业机械,8710.0
2011-10-17,SZE_300173,3.4515115624,13.95,0.0,2210.0,工业机械,8710.0
2011-10-18,SZE_300173,3.3401724798,13.5,0.0,2210.0,工业机械,8710.0
2011-10-19,SZE_300173,3.3847081128,13.68,0.0,2210.0,工业机械,8710.0
2011-10-20,SZE_300173,3.3129562596,13.39,0.0,2210.0,工业机械,8710.0
2011-10-21,SZE_300173,3.305533654,13.36,0.0,2210.0,工业机械,8710.0
2011-10-24,SZE_300173,3.4366663514,13.89,0.0,2210.0,工业机械,8710.0
2011-10-25,SZE_300173,3.5158408102,14.21,0.0,2210.0,工业机械,8710.0
2011-10-26,SZE_300173,3.5579022414,14.38,0.0,2210.0,工业机械,8710.0
2011-10-27,SZE_300173,3.5108924065,14.19,0.0,2210.0,工业机械,8710.0
2011-10-28,SZE_300173,3.6444993057,14.73,0.0,2210.0,工业机械,8710.0
2011-10-31,SZE_300173,3.6618187186,14.8,0.0,2210.0,工业机械,8710.0
2011-11-01,SZE_300173,3.6321282965,14.68,0.0,2210.0,工业机械,8710.0
2011-11-02,SZE_300173,3.745941581,15.14,0.0,2210.0,工业机械,8710.0
2011-11-03,SZE_300173,3.6741897277,14.85,0.0,2210.0,工业机械,8710.0
2011-11-04,SZE_300173,3.7632609939,15.21,0.0,2210.0,工业机械,8710.0
2011-11-07,SZE_300173,4.0601652143,16.41,0.0,2210.0,工业机械,8710.0
2011-11-08,SZE_300173,3.8226418379,15.45,0.0,2210.0,工业机械,8710.0
2011-11-09,SZE_300173,3.8993420949,15.76,0.0,2210.0,工业机械,8710.0
2011-11-10,SZE_300173,3.8721258747,15.65,0.0,2210.0,工业机械,8710.0
2011-11-11,SZE_300173,3.8424354526,15.53,0.0,2210.0,工业机械,8710.0
2011-11-14,SZE_300173,3.9092389022,15.8,0.0,2210.0,工业机械,8710.0
2011-11-15,SZE_300173,3.9092389022,15.8,0.0,2210.0,工业机械,8710.0
2011-11-16,SZE_300173,3.7360447737,15.1,0.0,2210.0,工业机械,8710.0
2011-11-17,SZE_300173,3.7409931773,15.12,0.0,2210.0,工业机械,8710.0
2011-11-18,SZE_300173,3.6123346818,14.6,0.0,2210.0,工业机械,8710.0
2011-11-21,SZE_300173,3.6568703149,14.78,0.0,2210.0,工业机械,8710.0
2011-11-22,SZE_300173,3.6370767002,14.7,0.0,2210.0,工业机械,8710.0
2011-11-23,SZE_300173,3.6469735075,14.74,0.0,2210.0,工业机械,8710.0
2011-11-24,SZE_300173,3.7632609939,15.21,0.0,2210.0,工业机械,8710.0
2011-11-25,SZE_300173,3.7360447737,15.1,0.0,2210.0,工业机械,8710.0
2011-11-28,SZE_300173,3.7113027553,15.0,0.0,2210.0,工业机械,8710.0
2011-11-29,SZE_300173,3.7706835994,15.24,0.0,2210.0,工业机械,8710.0
2011-11-30,SZE_300173,3.5504796359,14.35,0.0,2210.0,工业机械,8710.0
2011-12-01,SZE_300173,3.5826442598,14.48,0.0,2210.0,工业机械,8710.0
2011-12-02,SZE_300173,3.4663567734,14.01,0.0,2210.0,工业机械,8710.0
2011-12-05,SZE_300173,3.3203788651,13.42,0.0,2210.0,工业机械,8710.0
2011-12-06,SZE_300173,3.3599660945,13.58,0.0,2210.0,工业机械,8710.0
2011-12-07,SZE_300173,3.3599660945,13.58,0.0,2210.0,工业机械,8710.0
2011-12-08,SZE_300173,3.3748113055,13.64,0.0,2210.0,工业机械,8710.0
2011-12-09,SZE_300173,3.3179046632,13.41,0.0,2210.0,工业机械,8710.0
2011-12-12,SZE_300173,3.3154304614,13.4,0.0,2210.0,工业机械,8710.0
2011-12-13,SZE_300173,3.1867719659,12.88,0.0,2210.0,工业机械,8710.0
2011-12-14,SZE_300173,3.1595557457,12.77,0.0,2210.0,工业机械,8710.0
2011-12-15,SZE_300173,3.1496589383,12.73,0.0,2210.0,工业机械,8710.0
2011-12-16,SZE_300173,3.260998021,13.18,0.0,2210.0,工业机械,8710.0
2011-12-19,SZE_300173,3.290688443,13.3,0.0,2210.0,工业机械,8710.0
2011-12-20,SZE_300173,3.2288333971,13.05,0.0,2210.0,工业机械,8710.0
2011-12-21,SZE_300173,3.1273911218,12.64,0.0,2210.0,工业机械,8710.0
2011-12-22,SZE_300173,3.0927522961,12.5,0.0,2210.0,工业机械,8710.0
2011-12-23,SZE_300173,3.0902780942,12.49,0.0,2210.0,工业机械,8710.0
2011-12-26,SZE_300173,3.0432682593,12.3,0.0,2210.0,工业机械,8710.0
2011-12-27,SZE_300173,2.9541969932,11.94,0.0,2210.0,工业机械,8710.0
2011-12-28,SZE_300173,2.9096613601,11.76,0.0,2210.0,工业机械,8710.0
2011-12-29,SZE_300173,2.9096613601,11.76,0.0,2210.0,工业机械,8710.0
2011-12-30,SZE_300173,2.9665680024,11.99,0.0,2210.0,工业机械,8710.0
2012-01-04,SZE_300173,2.8700741308,11.6,0.0,2210.0,工业机械,8710.0
2012-01-05,SZE_300173,2.7092510114,10.95,0.0,2210.0,工业机械,8710.0
2012-01-06,SZE_300173,2.6671895801,10.78,0.0,2210.0,工业机械,8710.0
2012-01-09,SZE_300173,2.7537866444,11.13,0.0,2210.0,工业机械,8710.0
2012-01-10,SZE_300173,2.8478063142,11.51,0.0,2210.0,工业机械,8710.0
2012-01-11,SZE_300173,2.8527547179,11.53,0.0,2210.0,工业机械,8710.0
2012-01-12,SZE_300173,2.8156416903,11.38,0.0,2210.0,工业机械,8710.0
2012-01-13,SZE_300173,2.6473959654,10.7,0.0,2210.0,工业机械,8710.0
2012-01-16,SZE_300173,2.5731699103,10.4,0.0,2210.0,工业机械,8710.0
2012-01-17,SZE_300173,2.7339930297,11.05,0.0,2210.0,工业机械,8710.0
2012-01-18,SZE_300173,2.6201797452,10.59,0.0,2210.0,工业机械,8710.0
2012-01-19,SZE_300173,2.7018284059,10.92,0.0,2210.0,工业机械,8710.0
2012-01-20,SZE_300173,2.7191478187,10.99,0.0,2210.0,工业机械,8710.0
2012-01-30,SZE_300173,2.6647153783,10.77,0.0,2210.0,工业机械,8710.0
2012-01-31,SZE_300173,2.6746121856,10.81,0.0,2210.0,工业机械,8710.0
2012-02-01,SZE_300173,2.6721379838,10.8,0.0,2652.1,工业机械,8710.0
2012-02-02,SZE_300173,2.7364672316,11.06,0.0,2652.1,工业机械,8710.0
2012-02-03,SZE_300173,2.7983222775,11.31,0.0,2652.1,工业机械,8710.0
2012-02-06,SZE_300173,2.8007964793,11.32,0.0,2652.1,工业机械,8710.0
2012-02-07,SZE_300173,2.7389414334,11.07,0.0,2652.1,工业机械,8710.0
2012-02-08,SZE_300173,2.8007964793,11.32,0.0,2652.1,工业机械,8710.0
2012-02-09,SZE_300173,2.820590094,11.4,0.0,2652.1,工业机械,8710.0
2012-02-10,SZE_300173,2.820590094,11.4,0.0,2652.1,工业机械,8710.0
2012-02-13,SZE_300173,2.8824451399,11.65,0.0,2652.1,工业机械,8710.0
2012-02-14,SZE_300173,2.8824451399,11.65,0.0,2652.1,工业机械,8710.0
2012-02-15,SZE_300173,2.9319291767,11.85,0.0,2652.1,工业机械,8710.0
2012-02-16,SZE_300173,2.9146097638,11.78,0.0,2652.1,工业机械,8710.0
2012-02-17,SZE_300173,2.8824451399,11.65,0.0,2652.1,工业机械,8710.0
2012-02-20,SZE_300173,2.9047129565,11.74,0.0,2652.1,工业机械,8710.0
2012-02-21,SZE_300173,2.9319291767,11.85,0.0,2652.1,工业机械,8710.0
2012-02-22,SZE_300173,3.0061552318,12.15,0.0,2652.1,工业机械,8710.0
2012-02-23,SZE_300173,3.0506908648,12.33,0.0,2652.1,工业机械,8710.0
2012-02-24,SZE_300173,3.0704844795,12.41,0.0,2652.1,工业机械,8710.0
2012-02-27,SZE_300173,3.048216663,12.32,0.0,2652.1,工业机械,8710.0
2012-02-28,SZE_300173,2.9962584244,12.11,0.0,2652.1,工业机械,8710.0
2012-02-29,SZE_300173,2.9616195987,11.97,0.0,2652.1,工业机械,8710.0
2012-03-01,SZE_300173,2.9888358189,12.08,0.0,2652.1,工业机械,8710.0
2012-03-02,SZE_300173,3.0432682593,12.3,0.0,2652.1,工业机械,8710.0
2012-03-05,SZE_300173,3.0407940575,12.29,0.0,2652.1,工业机械,8710.0
2012-03-06,SZE_300173,3.0036810299,12.14,0.0,2652.1,工业机械,8710.0
2012-03-07,SZE_300173,3.018526241,12.2,0.0,2652.1,工业机械,8710.0
2012-03-08,SZE_300173,3.0457424612,12.31,0.0,2652.1,工业机械,8710.0
2012-03-09,SZE_300173,3.1372879291,12.68,0.0,2652.1,工业机械,8710.0
2012-03-12,SZE_300173,3.1348137273,12.67,0.0,2652.1,工业机械,8710.0
2012-03-13,SZE_300173,3.1669783512,12.8,0.0,2652.1,工业机械,8710.0
2012-03-14,SZE_300173,2.9937842226,12.1,0.0,2652.1,工业机械,8710.0
2012-03-15,SZE_300173,2.9764648097,12.03,0.0,2652.1,工业机械,8710.0
2012-03-16,SZE_300173,3.0581134704,12.36,0.0,2652.1,工业机械,8710.0
2012-03-19,SZE_300173,3.0902780942,12.49,0.0,2652.1,工业机械,8710.0
2012-03-20,SZE_300173,2.9715164061,12.01,0.0,2652.1,工业机械,8710.0
2012-03-21,SZE_300173,2.9764648097,12.03,0.0,2652.1,工业机械,8710.0
2012-03-22,SZE_300173,2.9814132134,12.05,0.0,2652.1,工业机械,8710.0
2012-03-23,SZE_300173,2.9146097638,11.78,0.0,2652.1,工业机械,8710.0
2012-03-26,SZE_300173,2.926980773,11.83,0.0,2652.1,工业机械,8710.0
2012-03-27,SZE_300173,2.9294549748,11.84,0.0,2652.1,工业机械,8710.0
2012-03-28,SZE_300173,2.8131674885,11.37,0.0,2652.1,工业机械,8710.0
2012-03-29,SZE_300173,2.7612092499,11.16,0.0,2652.1,工业机械,8710.0
2012-03-30,SZE_300173,2.6919315985,10.88,0.0,2652.1,工业机械,8710.0
2012-04-05,SZE_300173,2.7562608463,11.14,0.0,2652.1,工业机械,8710.0
2012-04-06,SZE_300173,2.7537866444,11.13,0.0,2652.1,工业机械,8710.0
2012-04-09,SZE_300173,2.7414156352,11.08,0.0,2652.1,工业机械,8710.0
2012-04-10,SZE_300173,2.7612092499,11.16,0.0,2652.1,工业机械,8710.0
2012-04-11,SZE_300173,2.7785286628,11.23,0.0,2652.1,工业机械,8710.0
2012-04-12,SZE_300173,2.8527547179,11.53,0.0,2652.1,工业机械,8710.0
2012-04-13,SZE_300173,2.8601773234,11.56,0.0,2652.1,工业机械,8710.0
2012-04-16,SZE_300173,2.7983222775,11.31,0.0,2652.1,工业机械,8710.0
2012-04-17,SZE_300173,2.7834770665,11.25,0.0,2652.1,工业机械,8710.0
2012-04-18,SZE_300173,2.8527547179,11.53,0.0,2652.1,工业机械,8710.0
2012-04-19,SZE_300173,2.9344033785,11.86,0.0,2652.1,工业机械,8710.0
2012-04-20,SZE_300173,2.9517227914,11.93,0.0,2652.1,工业机械,8710.0
2012-04-23,SZE_300173,2.8626515252,11.57,0.0,2652.1,工业机械,8710.0
2012-04-24,SZE_300173,2.805744883,11.34,0.0,2652.1,工业机械,8710.0
2012-04-25,SZE_300173,2.8750225344,11.62,0.0,2652.1,工业机械,8710.0
2012-04-26,SZE_300173,2.8824451399,11.65,0.0,2652.1,工业机械,8710.0
2012-04-27,SZE_300173,2.9170839657,11.79,0.0,2652.1,工业机械,8710.0
2012-05-02,SZE_300173,2.9888358189,12.08,0.0,2652.1,工业机械,8710.0
2012-05-03,SZE_300173,3.0111036355,12.17,0.0,2652.1,工业机械,8710.0
2012-05-04,SZE_300173,3.0259488465,12.23,0.0,2652.1,工业机械,8710.0
2012-05-07,SZE_300173,3.018526241,12.2,0.0,2652.1,工业机械,8710.0
2012-05-08,SZE_300173,3.0111036355,12.17,0.0,2652.1,工业机械,8710.0
2012-05-09,SZE_300173,3.0407940575,12.29,0.0,2652.1,工业机械,8710.0
2012-05-10,SZE_300173,3.139762131,12.69,0.0,2652.1,工业机械,8710.0
2012-05-11,SZE_300173,3.1298653236,12.65,0.0,2652.1,工业机械,8710.0
2012-05-14,SZE_300173,3.1224427181,12.62,0.0,2652.1,工业机械,8710.0
2012-05-15,SZE_300173,3.1174943144,12.6,0.0,2652.1,工业机械,8710.0
2012-05-16,SZE_300173,3.0803812869,12.45,0.0,2652.1,工业机械,8710.0
2012-05-17,SZE_300173,3.1051233053,12.55,0.0,2652.1,工业机械,8710.0
2012-05-18,SZE_300173,3.0383198557,12.28,0.0,2652.1,工业机械,8710.0
2012-05-21,SZE_300173,3.018526241,12.2,0.0,2652.1,工业机械,8710.0
2012-05-22,SZE_300173,3.0383198557,12.28,0.0,2652.1,工业机械,8710.0
2012-05-23,SZE_300173,3.0407940575,12.29,0.0,2652.1,工业机械,8710.0
2012-05-24,SZE_300173,3.0581134704,12.36,0.0,2652.1,工业机械,8710.0
2012-05-25,SZE_300173,3.0605876722,12.37,0.0,2652.1,工业机械,8710.0
2012-05-28,SZE_300173,3.048216663,12.32,0.0,2652.1,工业机械,8710.0
2012-05-29,SZE_300173,3.1322186734,9.58,0.0,3447.7,工业机械,11323.0
2012-05-30,SZE_300173,3.2041485385,9.8,0.0,3447.7,工业机械,11323.0
2012-05-31,SZE_300173,3.1616445273,9.67,0.0,3447.7,工业机械,11323.0
2012-06-01,SZE_300173,3.2008789992,9.79,0.0,3447.7,工业机械,11323.0
2012-06-04,SZE_300173,3.1649140666,9.68,0.0,3447.7,工业机械,11323.0
2012-06-05,SZE_300173,3.1616445273,9.67,0.0,3447.7,工业机械,11323.0
2012-06-06,SZE_300173,3.1191405161,9.54,0.0,3447.7,工业机械,11323.0
2012-06-07,SZE_300173,3.0733669655,9.4,0.0,3447.7,工业机械,11323.0
2012-06-08,SZE_300173,3.0472106509,9.32,0.0,3447.7,工业机械,11323.0
2012-06-11,SZE_300173,3.0635583475,9.37,0.0,3447.7,工业机械,11323.0
2012-06-12,SZE_300173,3.0145152577,9.22,0.0,3447.7,工业机械,11323.0
2012-06-13,SZE_300173,3.0406715723,9.3,0.0,3447.7,工业机械,11323.0
2012-06-14,SZE_300173,2.9948980217,9.16,0.0,3447.7,工业机械,11323.0
2012-06-15,SZE_300173,2.9589330891,9.05,0.0,3447.7,工业机械,11323.0
2012-06-18,SZE_300173,2.9850894037,9.13,0.0,3447.7,工业机械,11323.0
2012-06-19,SZE_300173,2.9850894037,9.13,0.0,3447.7,工业机械,11323.0
2012-06-20,SZE_300173,3.0472106509,9.32,0.0,3447.7,工业机械,11323.0
2012-06-21,SZE_300173,3.007976179,9.2,0.0,3447.7,工业机械,11323.0
2012-06-25,SZE_300173,2.9589330891,9.05,0.0,3447.7,工业机械,11323.0
2012-06-26,SZE_300173,2.9589330891,9.05,0.0,3447.7,工业机械,11323.0
2012-06-27,SZE_300173,2.9425853925,9.0,0.0,3447.7,工业机械,11323.0
2012-06-28,SZE_300173,2.8444992128,8.7,0.0,3447.7,工业机械,11323.0
2012-06-29,SZE_300173,2.8444992128,8.7,0.0,3447.7,工业机械,11323.0
2012-07-02,SZE_300173,2.8935423026,8.85,0.0,3447.7,工业机械,11323.0
2012-07-03,SZE_300173,2.9000813813,8.87,0.0,3447.7,工业机械,11323.0
2012-07-04,SZE_300173,2.8837336847,8.82,0.0,3447.7,工业机械,11323.0
2012-07-05,SZE_300173,2.7725693476,8.48,0.0,4186.4,工业机械,11323.0
2012-07-06,SZE_300173,2.8216124375,8.63,0.0,4186.4,工业机械,11323.0
2012-07-09,SZE_300173,2.7137176398,8.3,0.0,4186.4,工业机械,11323.0
2012-07-10,SZE_300173,2.6744831679,8.18,0.0,4186.4,工业机械,11323.0
2012-07-11,SZE_300173,2.6842917858,8.21,0.0,4186.4,工业机械,11323.0
2012-07-12,SZE_300173,2.7300653364,8.35,0.0,4186.4,工业机械,11323.0
2012-07-13,SZE_300173,2.6712136285,8.17,0.0,4186.4,工业机械,11323.0
2012-07-16,SZE_300173,2.6189009993,8.01,0.0,4186.4,工业机械,11323.0
2012-07-17,SZE_300173,2.6123619207,7.99,0.0,4186.4,工业机械,11323.0
2012-07-18,SZE_300173,2.6221705387,8.02,0.0,4186.4,工业机械,11323.0
2012-07-19,SZE_300173,2.6581354712,8.13,0.0,4186.4,工业机械,11323.0
2012-07-20,SZE_300173,2.6483268533,8.1,0.0,4186.4,工业机械,11323.0
2012-07-23,SZE_300173,2.6189009993,8.01,0.0,4186.4,工业机械,11323.0
2012-07-24,SZE_300173,2.6385182353,8.07,0.0,4186.4,工业机械,11323.0
2012-07-25,SZE_300173,2.61563146,8.0,0.0,4186.4,工业机械,11323.0
2012-07-26,SZE_300173,2.5894751454,7.92,0.0,4186.4,工业机械,11323.0
2012-07-27,SZE_300173,2.5894751454,7.92,0.0,4186.4,工业机械,11323.0
2012-07-30,SZE_300173,2.5273538982,7.73,0.0,4186.4,工业机械,11323.0
2012-07-31,SZE_300173,2.4783108084,7.58,0.0,4186.4,工业机械,11323.0
2012-08-01,SZE_300173,2.5142757409,7.69,0.0,4186.4,工业机械,11323.0
2012-08-02,SZE_300173,2.4913889657,7.62,0.0,4186.4,工业机械,11323.0
2012-08-03,SZE_300173,2.5404320555,7.77,0.0,4186.4,工业机械,11323.0
2012-08-06,SZE_300173,2.5927446847,7.93,0.0,4186.4,工业机械,11323.0
2012-08-07,SZE_300173,2.6090923814,7.98,0.0,4186.4,工业机械,11323.0
2012-08-08,SZE_300173,2.635248696,8.06,0.0,4186.4,工业机械,11323.0
2012-08-09,SZE_300173,2.6614050106,8.14,0.0,4186.4,工业机械,11323.0
2012-08-10,SZE_300173,2.6287096173,8.04,0.0,4186.4,工业机械,11323.0
2012-08-13,SZE_300173,2.5796665274,7.89,0.0,4186.4,工业机械,11323.0
2012-08-14,SZE_300173,2.6025533027,7.96,0.0,4186.4,工业机械,11323.0
2012-08-15,SZE_300173,2.5731274488,7.87,0.0,4186.4,工业机械,11323.0
2012-08-16,SZE_300173,2.5600492915,7.83,0.0,4186.4,工业机械,11323.0
2012-08-17,SZE_300173,2.5698579095,7.86,0.0,4186.4,工业机械,11323.0
2012-08-20,SZE_300173,2.5796665274,7.89,0.0,4186.4,工业机械,11323.0
2012-08-21,SZE_300173,2.6417877746,8.08,0.0,4186.4,工业机械,11323.0
2012-08-22,SZE_300173,2.6221705387,8.02,0.0,4186.4,工业机械,11323.0
2012-08-23,SZE_300173,2.6973699431,8.25,0.0,4186.4,工业机械,11323.0
2012-08-24,SZE_300173,2.6548659319,8.12,0.0,4186.4,工业机械,11323.0
2012-08-27,SZE_300173,2.5502406735,7.8,0.0,4186.4,工业机械,11323.0
2012-08-28,SZE_300173,2.5731274488,7.87,0.0,4186.4,工业机械,11323.0
2012-08-29,SZE_300173,2.5796665274,7.89,0.0,4186.4,工业机械,11323.0
2012-08-30,SZE_300173,2.5175452803,7.7,0.0,4186.4,工业机械,11323.0
2012-08-31,SZE_300173,2.5273538982,7.73,0.0,4186.4,工业机械,11323.0
2012-09-03,SZE_300173,2.5796665274,7.89,0.0,4186.4,工业机械,11323.0
2012-09-04,SZE_300173,2.5796665274,7.89,0.0,4186.4,工业机械,11323.0
2012-09-05,SZE_300173,2.6515963926,8.11,0.0,4186.4,工业机械,11323.0
2012-09-06,SZE_300173,2.6744831679,8.18,0.0,4186.4,工业机械,11323.0
2012-09-07,SZE_300173,2.7431434937,8.39,0.0,4186.4,工业机械,11323.0
2012-09-10,SZE_300173,2.736604415,8.37,0.0,4186.4,工业机械,11323.0
2012-09-11,SZE_300173,2.7071785611,8.28,0.0,4186.4,工业机械,11323.0
2012-09-12,SZE_300173,2.7169871791,8.31,0.0,4186.4,工业机械,11323.0
2012-09-13,SZE_300173,2.6581354712,8.13,0.0,4186.4,工业机械,11323.0
2012-09-14,SZE_300173,2.7006394825,8.26,0.0,4186.4,工业机械,11323.0
2012-09-17,SZE_300173,2.6025533027,7.96,0.0,4186.4,工业机械,11323.0
2012-09-18,SZE_300173,2.5927446847,7.93,0.0,4186.4,工业机械,11323.0
2012-09-19,SZE_300173,2.61563146,8.0,0.0,4186.4,工业机械,11323.0
2012-09-20,SZE_300173,2.504467123,7.66,0.0,4186.4,工业机械,11323.0
2012-09-21,SZE_300173,2.484849887,7.6,0.0,4186.4,工业机械,11323.0
2012-09-24,SZE_300173,2.494658505,7.63,0.0,4186.4,工业机械,11323.0
2012-09-25,SZE_300173,2.4652326511,7.54,0.0,4186.4,工业机械,11323.0
2012-09-26,SZE_300173,2.3933027859,7.32,0.0,4186.4,工业机械,11323.0
2012-09-27,SZE_300173,2.4390763365,7.46,0.0,4186.4,工业机械,11323.0
2012-09-28,SZE_300173,2.5338929769,7.75,0.0,4203.3,工业机械,11323.0
2012-10-08,SZE_300173,2.4979280443,7.64,0.0,4203.3,工业机械,11323.0
2012-10-09,SZE_300173,2.5535102128,7.81,0.0,4203.3,工业机械,11323.0
2012-10-10,SZE_300173,2.5763969881,7.88,0.0,4203.3,工业机械,11323.0
2012-10-11,SZE_300173,2.5175452803,7.7,0.0,4203.3,工业机械,11323.0
2012-10-12,SZE_300173,2.494658505,7.63,0.0,4203.3,工业机械,11323.0
2012-10-15,SZE_300173,2.4423458758,7.47,0.0,4203.3,工业机械,11323.0
2012-10-16,SZE_300173,2.4292677185,7.43,0.0,4203.3,工业机械,11323.0
2012-10-17,SZE_300173,2.4685021904,7.55,0.0,4203.3,工业机械,11323.0
2012-10-18,SZE_300173,2.5077366623,7.67,0.0,4203.3,工业机械,11323.0
2012-10-19,SZE_300173,2.504467123,7.66,0.0,4203.3,工业机械,11323.0
2012-10-22,SZE_300173,2.504467123,7.66,0.0,4203.3,工业机械,11323.0
2012-10-23,SZE_300173,2.4881194263,7.61,0.0,4203.3,工业机械,11323.0
2012-10-24,SZE_300173,2.484849887,7.6,0.0,4203.3,工业机械,11323.0
2012-10-25,SZE_300173,2.4881194263,7.61,0.0,4203.3,工业机械,11323.0
2012-10-26,SZE_300173,2.4096504825,7.37,0.0,4203.3,工业机械,11323.0
2012-10-29,SZE_300173,2.4063809432,7.36,0.0,4203.3,工业机械,11323.0
2012-10-30,SZE_300173,2.4129200219,7.38,0.0,4203.3,工业机械,11323.0
2012-10-31,SZE_300173,2.4096504825,7.37,0.0,4203.3,工业机械,11323.0
2012-11-01,SZE_300173,2.4521544938,7.5,0.0,4203.3,工业机械,11323.0
2012-11-02,SZE_300173,2.4521544938,7.5,0.0,4203.3,工业机械,11323.0
2012-11-05,SZE_300173,2.4488849544,7.49,0.0,4203.3,工业机械,11323.0
2012-11-06,SZE_300173,2.4652326511,7.54,0.0,4203.3,工业机械,11323.0
2012-11-07,SZE_300173,2.4619631117,7.53,0.0,4203.3,工业机械,11323.0
2012-11-08,SZE_300173,2.3965723252,7.33,0.0,4203.3,工业机械,11323.0
2012-11-09,SZE_300173,2.3933027859,7.32,0.0,4203.3,工业机械,11323.0
2012-11-12,SZE_300173,2.4129200219,7.38,0.0,4203.3,工业机械,11323.0
2012-11-13,SZE_300173,2.4063809432,7.36,0.0,4203.3,工业机械,11323.0
2012-11-14,SZE_300173,2.4390763365,7.46,0.0,4203.3,工业机械,11323.0
2012-11-15,SZE_300173,2.3933027859,7.32,0.0,4203.3,工业机械,11323.0
2012-11-16,SZE_300173,2.3344510781,7.14,0.0,4203.3,工业机械,11323.0
2012-11-19,SZE_300173,2.3082947635,7.06,0.0,4203.3,工业机械,11323.0
2012-11-20,SZE_300173,2.2952166062,7.02,0.0,4203.3,工业机械,11323.0
2012-11-21,SZE_300173,2.3344510781,7.14,0.0,4203.3,工业机械,11323.0
2012-11-22,SZE_300173,2.3311815387,7.13,0.0,4203.3,工业机械,11323.0
2012-11-23,SZE_300173,2.3409901567,7.16,0.0,4203.3,工业机械,11323.0
2012-11-26,SZE_300173,2.2984861455,7.03,0.0,4203.3,工业机械,11323.0
2012-11-27,SZE_300173,2.1742436511,6.65,0.0,4203.3,工业机械,11323.0
2012-11-28,SZE_300173,2.1546264152,6.59,0.0,4203.3,工业机械,11323.0
2012-11-29,SZE_300173,2.112122404,6.46,0.0,4203.3,工业机械,11323.0
2012-11-30,SZE_300173,2.1448177972,6.56,0.0,4203.3,工业机械,11323.0
2012-12-03,SZE_300173,2.0794270107,6.36,0.0,4203.3,工业机械,11323.0
2012-12-04,SZE_300173,2.1186614826,6.48,0.0,4203.3,工业机械,11323.0
2012-12-05,SZE_300173,2.1840522691,6.68,0.0,4203.3,工业机械,11323.0
2012-12-06,SZE_300173,2.1905913478,6.7,0.0,4203.3,工业机械,11323.0
2012-12-07,SZE_300173,2.2396344376,6.85,0.0,4203.3,工业机械,11323.0
2012-12-10,SZE_300173,2.2559821343,6.9,0.0,4203.3,工业机械,11323.0
2012-12-11,SZE_300173,2.223286741,6.8,0.0,4203.3,工业机械,11323.0
2012-12-12,SZE_300173,2.2298258197,6.82,0.0,4203.3,工业机械,11323.0
2012-12-13,SZE_300173,2.2003999657,6.73,0.0,4203.3,工业机械,11323.0
2012-12-14,SZE_300173,2.2723298309,6.95,0.0,4203.3,工业机械,11323.0
2012-12-17,SZE_300173,2.2690602916,6.94,0.0,4203.3,工业机械,11323.0
2012-12-18,SZE_300173,2.2592516736,6.91,0.0,4203.3,工业机械,11323.0
2012-12-19,SZE_300173,2.2657907522,6.93,0.0,4203.3,工业机械,11323.0
2012-12-20,SZE_300173,2.2788689095,6.97,0.0,4206.3,工业机械,11323.0
2012-12-21,SZE_300173,2.3017556848,7.04,0.0,4206.3,工业机械,11323.0
2012-12-24,SZE_300173,2.3148338421,7.08,0.0,4206.3,工业机械,11323.0
2012-12-25,SZE_300173,2.3704160106,7.25,0.0,4206.3,工业机械,11323.0
2012-12-26,SZE_300173,2.4325372578,7.44,0.0,4206.3,工业机械,11323.0
2012-12-27,SZE_300173,2.3933027859,7.32,0.0,4206.3,工业机械,11323.0
2012-12-28,SZE_300173,2.4292677185,7.43,0.0,4206.3,工业机械,11323.0
2012-12-31,SZE_300173,2.4390763365,7.46,0.0,4206.3,工业机械,11323.0
2013-01-04,SZE_300173,2.4161895612,7.39,0.0,4206.3,工业机械,11323.0
2013-01-07,SZE_300173,2.4292677185,7.43,0.0,4206.3,工业机械,11323.0
2013-01-08,SZE_300173,2.4554240331,7.51,0.0,4206.3,工业机械,11323.0
2013-01-09,SZE_300173,2.4717717297,7.56,0.0,4206.3,工业机械,11323.0
2013-01-10,SZE_300173,2.484849887,7.6,0.0,4206.3,工业机械,11323.0
2013-01-11,SZE_300173,2.4063809432,7.36,0.0,4206.3,工业机械,11323.0
2013-01-14,SZE_300173,2.4815803477,7.59,0.0,4206.3,工业机械,11323.0
2013-01-15,SZE_300173,2.7300653364,8.35,0.0,4206.3,工业机械,11323.0
2013-01-16,SZE_300173,2.8150733588,8.61,0.0,4206.3,工业机械,11323.0
2013-01-17,SZE_300173,3.0014371004,9.18,0.0,4206.3,工业机械,11323.0
2013-01-18,SZE_300173,2.8706555274,8.78,0.0,4206.3,工业机械,11323.0
2013-01-21,SZE_300173,2.7431434937,8.39,0.0,4206.3,工业机械,11323.0
2013-01-22,SZE_300173,2.7039090218,8.27,0.0,4206.3,工业机械,11323.0
2013-01-23,SZE_300173,2.6712136285,8.17,0.0,4206.3,工业机械,11323.0
2013-01-24,SZE_300173,2.6090923814,7.98,0.0,4206.3,工业机械,11323.0
2013-01-25,SZE_300173,2.61563146,8.0,0.0,4206.3,工业机械,11323.0
2013-01-28,SZE_300173,2.6679440892,8.16,0.0,4206.3,工业机械,11323.0
2013-01-29,SZE_300173,2.6810222465,8.2,0.0,4206.3,工业机械,11323.0
2013-01-30,SZE_300173,2.6875613252,8.22,0.0,4206.3,工业机械,11323.0
2013-01-31,SZE_300173,2.6973699431,8.25,0.0,4206.3,工业机械,11323.0
2013-02-01,SZE_300173,2.7758388869,8.49,0.0,4945.6,工业机械,11323.0
2013-02-04,SZE_300173,2.7431434937,8.39,0.0,4945.6,工业机械,11323.0
2013-02-05,SZE_300173,2.7431434937,8.39,0.0,4945.6,工业机械,11323.0
2013-02-06,SZE_300173,2.7006394825,8.26,0.0,4945.6,工业机械,11323.0
2013-02-07,SZE_300173,2.6548659319,8.12,0.0,4945.6,工业机械,11323.0
2013-02-08,SZE_300173,2.6810222465,8.2,0.0,4945.6,工业机械,11323.0
2013-02-18,SZE_300173,2.6875613252,8.22,0.0,4945.6,工业机械,11323.0
2013-02-19,SZE_300173,2.6483268533,8.1,0.0,4945.6,工业机械,11323.0
2013-02-20,SZE_300173,2.6744831679,8.18,0.0,4945.6,工业机械,11323.0
2013-02-21,SZE_300173,2.6548659319,8.12,0.0,4945.6,工业机械,11323.0
2013-02-22,SZE_300173,2.6450573139,8.09,0.0,4945.6,工业机械,11323.0
2013-02-25,SZE_300173,2.6712136285,8.17,0.0,4945.6,工业机械,11323.0
2013-02-26,SZE_300173,2.7333348757,8.36,0.0,4945.6,工业机械,11323.0
2013-02-27,SZE_300173,2.6777527072,8.19,0.0,4945.6,工业机械,11323.0
2013-02-28,SZE_300173,2.7071785611,8.28,0.0,4945.6,工业机械,11323.0
2013-03-01,SZE_300173,2.746413033,8.4,0.0,4945.6,工业机械,11323.0
2013-03-04,SZE_300173,2.635248696,8.06,0.0,4945.6,工业机械,11323.0
2013-03-05,SZE_300173,2.6777527072,8.19,0.0,4945.6,工业机械,11323.0
2013-03-06,SZE_300173,2.9425853925,9.0,0.0,4945.6,工业机械,11323.0
2013-03-07,SZE_300173,3.007976179,9.2,0.0,4945.6,工业机械,11323.0
2013-03-08,SZE_300173,2.8543078307,8.73,0.0,4945.6,工业机械,11323.0
2013-03-11,SZE_300173,2.8248819768,8.64,0.0,4945.6,工业机械,11323.0
2013-03-12,SZE_300173,2.7071785611,8.28,0.0,4945.6,工业机械,11323.0
2013-03-13,SZE_300173,2.6646745499,8.15,0.0,4945.6,工业机械,11323.0
2013-03-14,SZE_300173,2.6679440892,8.16,0.0,4945.6,工业机械,11323.0
2013-03-15,SZE_300173,2.6614050106,8.14,0.0,4945.6,工业机械,11323.0
2013-03-18,SZE_300173,2.5633188308,7.84,0.0,4945.6,工业机械,11323.0
2013-03-19,SZE_300173,2.5469711342,7.79,0.0,4945.6,工业机械,11323.0
2013-03-20,SZE_300173,2.6090923814,7.98,0.0,4945.6,工业机械,11323.0
2013-03-21,SZE_300173,2.6515963926,8.11,0.0,4945.6,工业机械,11323.0
2013-03-22,SZE_300173,2.6319791566,8.05,0.0,4945.6,工业机械,11323.0
2013-03-25,SZE_300173,2.6581354712,8.13,0.0,4945.6,工业机械,11323.0
2013-03-26,SZE_300173,2.5960142241,7.94,0.0,4945.6,工业机械,11323.0
2013-03-27,SZE_300173,2.605822842,7.97,0.0,4945.6,工业机械,11323.0
2013-03-28,SZE_300173,2.5306234376,7.74,0.0,4945.6,工业机械,11323.0
2013-03-29,SZE_300173,2.5469711342,7.79,0.0,4945.6,工业机械,11323.0
2013-04-01,SZE_300173,2.5731274488,7.87,0.0,4945.6,工业机械,11323.0
2013-04-02,SZE_300173,2.4979280443,7.64,0.0,4945.6,工业机械,11323.0
2013-04-03,SZE_300173,2.4259981792,7.42,0.0,4945.6,工业机械,11323.0
2013-04-08,SZE_300173,2.3965723252,7.33,0.0,4945.6,工业机械,11323.0
2013-04-09,SZE_300173,2.4292677185,7.43,0.0,4945.6,工业机械,11323.0
2013-04-10,SZE_300173,2.4063809432,7.36,0.0,4945.6,工业机械,11323.0
2013-04-11,SZE_300173,2.4096504825,7.37,0.0,4945.6,工业机械,11323.0
2013-04-12,SZE_300173,2.3769550893,7.27,0.0,4945.6,工业机械,11323.0
2013-04-15,SZE_300173,2.354068314,7.2,0.0,4945.6,工业机械,11323.0
2013-04-16,SZE_300173,2.3834941679,7.29,0.0,4945.6,工业机械,11323.0
2013-04-17,SZE_300173,2.4031114039,7.35,0.0,4945.6,工业机械,11323.0
2013-04-18,SZE_300173,2.4161895612,7.39,0.0,4945.6,工业机械,11323.0
2013-04-19,SZE_300173,2.4521544938,7.5,0.0,4945.6,工业机械,11323.0
2013-04-22,SZE_300173,2.494658505,7.63,0.0,4945.6,工业机械,11323.0
2013-04-23,SZE_300173,2.4488849544,7.49,0.0,4945.6,工业机械,11323.0
2013-04-24,SZE_300173,2.4815803477,7.59,0.0,4945.6,工业机械,11323.0
2013-04-25,SZE_300173,2.4586935724,7.52,0.0,4945.6,工业机械,11323.0
2013-04-26,SZE_300173,2.4358067971,7.45,0.0,4945.6,工业机械,11323.0
2013-05-02,SZE_300173,2.4390763365,7.46,0.0,4945.6,工业机械,11323.0
2013-05-03,SZE_300173,2.4717717297,7.56,0.0,4945.6,工业机械,11323.0
2013-05-06,SZE_300173,2.5110062016,7.68,0.0,4945.6,工业机械,11323.0
2013-05-07,SZE_300173,2.5306234376,7.74,0.0,4945.6,工业机械,11323.0
2013-05-08,SZE_300173,2.5600492915,7.83,0.0,4945.6,工业机械,11323.0
2013-05-09,SZE_300173,2.5502406735,7.8,0.0,4945.6,工业机械,11323.0
2013-05-10,SZE_300173,2.5796665274,7.89,0.0,4945.6,工业机械,11323.0
2013-05-13,SZE_300173,2.6483268533,8.1,0.0,4945.6,工业机械,11323.0
2013-05-14,SZE_300173,2.6712136285,8.17,0.0,4945.6,工业机械,11323.0
2013-05-15,SZE_300173,2.7006394825,8.26,0.0,4945.6,工业机械,11323.0
2013-05-16,SZE_300173,2.6450573139,8.09,0.0,4945.6,工业机械,11323.0
2013-05-17,SZE_300173,2.6548659319,8.12,0.0,4945.6,工业机械,11323.0
2013-05-20,SZE_300173,2.6941004038,8.24,0.0,4945.6,工业机械,11323.0
2013-05-21,SZE_300173,2.7039090218,8.27,0.0,4945.6,工业机械,11323.0
2013-05-22,SZE_300173,2.6417877746,8.08,0.0,4945.6,工业机械,11323.0
2013-05-23,SZE_300173,2.6548659319,8.12,0.0,4945.6,工业机械,11323.0
2013-05-24,SZE_300173,2.7006394825,8.26,0.0,4945.6,工业机械,11323.0
2013-05-27,SZE_300173,2.7006394825,8.26,0.0,4945.6,工业机械,11323.0
2013-05-28,SZE_300173,2.6548659319,8.12,0.0,4945.6,工业机械,11323.0
2013-05-29,SZE_300173,2.6679440892,8.16,0.0,4945.6,工业机械,11323.0
2013-05-30,SZE_300173,2.6973699431,8.25,0.0,4945.6,工业机械,11323.0
2013-05-31,SZE_300173,2.6810222465,8.2,0.0,4945.6,工业机械,11323.0
2013-06-03,SZE_300173,2.6515963926,8.11,0.0,4945.6,工业机械,11323.0
2013-06-04,SZE_300173,2.5633188308,7.84,0.0,4945.6,工业机械,11323.0
2013-06-05,SZE_300173,2.5633188308,7.84,0.0,4945.6,工业机械,11323.0
2013-06-06,SZE_300173,2.5404320555,7.77,0.0,4945.6,工业机械,11323.0
2013-06-07,SZE_300173,2.5306234376,7.74,0.0,4945.6,工业机械,11323.0
2013-06-13,SZE_300173,2.4554240331,7.51,0.0,4945.6,工业机械,11323.0
2013-06-14,SZE_300173,2.504467123,7.66,0.0,4945.6,工业机械,11323.0
2013-06-17,SZE_300173,2.5371625162,7.76,0.0,4945.6,工业机械,11323.0
2013-06-18,SZE_300173,2.5504114066,7.7,0.0,4945.6,工业机械,11323.0
2013-06-19,SZE_300173,2.5404747388,7.67,0.0,4945.6,工业机械,11323.0
2013-06-20,SZE_300173,2.4808547319,7.49,0.0,4945.6,工业机械,11323.0
2013-06-21,SZE_300173,2.421234725,7.31,0.0,4945.6,工业机械,11323.0
2013-06-24,SZE_300173,2.2788091529,6.88,0.0,4945.6,工业机械,11323.0
2013-06-25,SZE_300173,2.2556235947,6.81,0.0,4945.6,工业机械,11323.0
2013-06-26,SZE_300173,2.295370266,6.93,0.0,4945.6,工业机械,11323.0
2013-06-27,SZE_300173,2.18606692,6.6,0.0,4945.6,工业机械,11323.0
2013-06-28,SZE_300173,2.1926913652,6.62,0.0,4945.6,工业机械,11323.0
2013-07-01,SZE_300173,2.2456869269,6.78,0.0,5130.1,工业机械,11323.0
2013-07-02,SZE_300173,2.2788091529,6.88,0.0,5130.1,工业机械,11323.0
2013-07-03,SZE_300173,2.295370266,6.93,0.0,5130.1,工业机械,11323.0
2013-07-04,SZE_300173,2.3384291598,7.06,0.0,5130.1,工业机械,11323.0
2013-07-05,SZE_300173,2.3549902729,7.11,0.0,5130.1,工业机械,11323.0
2013-07-08,SZE_300173,2.219189146,6.7,0.0,5130.1,工业机械,11323.0
2013-07-09,SZE_300173,2.2788091529,6.88,0.0,5130.1,工业机械,11323.0
2013-07-10,SZE_300173,2.328492492,7.03,0.0,5130.1,工业机械,11323.0
2013-07-11,SZE_300173,2.3649269407,7.14,0.0,5130.1,工业机械,11323.0
2013-07-12,SZE_300173,2.3649269407,7.14,0.0,5130.1,工业机械,11323.0
2013-07-15,SZE_300173,2.4344836154,7.35,0.0,5130.1,工业机械,11323.0
2013-07-16,SZE_300173,2.4477325058,7.39,0.0,5130.1,工业机械,11323.0
2013-07-17,SZE_300173,2.4411080606,7.37,0.0,5130.1,工业机械,11323.0
2013-07-18,SZE_300173,2.4907913997,7.52,0.0,5130.1,工业机械,11323.0
2013-07-19,SZE_300173,2.4179225024,7.3,0.0,5130.1,工业机械,11323.0
2013-07-22,SZE_300173,2.4709180641,7.46,0.0,5130.1,工业机械,11323.0
2013-07-23,SZE_300173,2.547099184,7.69,0.0,5130.1,工业机械,11323.0
2013-07-24,SZE_300173,2.5669725197,7.75,0.0,5130.1,工业机械,11323.0
2013-07-25,SZE_300173,2.5106647354,7.58,0.0,5130.1,工业机械,11323.0
2013-07-26,SZE_300173,2.5106647354,7.58,0.0,5130.1,工业机械,11323.0
2013-07-29,SZE_300173,2.4941036223,7.53,0.0,5130.1,工业机械,11323.0
2013-07-30,SZE_300173,2.5007280675,7.55,0.0,5130.1,工业机械,11323.0
2013-07-31,SZE_300173,2.5735969649,7.77,0.0,5130.1,工业机械,11323.0
2013-08-01,SZE_300173,2.6729636431,8.07,0.0,5130.1,工业机械,11323.0
2013-08-02,SZE_300173,2.7524569856,8.31,0.0,5130.1,工业机械,11323.0
2013-08-05,SZE_300173,2.8716969994,8.67,0.0,5130.1,工业机械,11323.0
2013-08-06,SZE_300173,2.8253258829,8.53,0.0,5130.1,工业机械,11323.0
2013-08-07,SZE_300173,2.8120769925,8.49,0.0,5130.1,工业机械,11323.0
2013-08-08,SZE_300173,2.8153892151,8.5,0.0,5130.1,工业机械,11323.0
2013-08-09,SZE_300173,2.7358958726,8.26,0.0,5130.1,工业机械,11323.0
2013-09-05,SZE_300173,2.749144763,8.3,0.0,5130.1,工业机械,11323.0
2013-09-06,SZE_300173,2.7060858691,8.17,0.0,5130.1,工业机械,11323.0
2013-09-09,SZE_300173,2.7193347595,8.21,0.0,5130.1,工业机械,11323.0
2013-09-10,SZE_300173,2.749144763,8.3,0.0,5130.1,工业机械,11323.0
2013-09-11,SZE_300173,2.7127103143,8.19,0.0,5130.1,工业机械,11323.0
2013-09-12,SZE_300173,2.7425203178,8.28,0.0,5130.1,工业机械,11323.0
2013-09-13,SZE_300173,2.7789547664,8.39,0.0,5130.1,工业机械,11323.0
2013-09-16,SZE_300173,2.7789547664,8.39,0.0,5130.1,工业机械,11323.0
2013-09-17,SZE_300173,2.7524569856,8.31,0.0,5130.1,工业机械,11323.0
2013-09-18,SZE_300173,2.7524569856,8.31,0.0,5130.1,工业机械,11323.0
2013-09-23,SZE_300173,2.7922036569,8.43,0.0,5130.1,工业机械,11323.0
2013-09-24,SZE_300173,2.7822669891,8.4,0.0,5130.1,工业机械,11323.0
2013-09-25,SZE_300173,2.7524569856,8.31,0.0,5130.1,工业机械,11323.0
2013-09-26,SZE_300173,2.7160225369,8.2,0.0,5130.1,工业机械,11323.0
2013-09-27,SZE_300173,2.7226469821,8.22,0.0,5130.1,工业机械,11323.0
2013-09-30,SZE_300173,2.7425203178,8.28,0.0,5130.1,工业机械,11323.0
2013-10-08,SZE_300173,2.7690180986,8.36,0.0,5130.1,工业机械,11323.0
2013-10-09,SZE_300173,2.8021403247,8.46,0.0,5130.1,工业机械,11323.0
2013-10-10,SZE_300173,2.7855792117,8.41,0.0,5130.1,工业机械,11323.0
2013-10-11,SZE_300173,2.8253258829,8.53,0.0,5130.1,工业机械,11323.0
2013-10-14,SZE_300173,2.9114436707,8.79,0.0,5130.1,工业机械,11323.0
2013-10-15,SZE_300173,2.8882581124,8.72,0.0,5130.1,工业机械,11323.0
2013-10-16,SZE_300173,2.7988281021,8.45,0.0,5130.1,工业机械,11323.0
2013-10-17,SZE_300173,2.7855792117,8.41,0.0,5130.1,工业机械,11323.0
2013-10-18,SZE_300173,2.7822669891,8.4,0.0,5130.1,工业机械,11323.0
2013-10-21,SZE_300173,2.9048192255,8.77,0.0,5130.1,工业机械,11323.0
2013-10-22,SZE_300173,2.9611270098,8.94,0.0,5130.1,工业机械,11323.0
2013-10-23,SZE_300173,2.9379414515,8.87,0.0,5130.1,工业机械,11323.0
2013-10-24,SZE_300173,2.9611270098,8.94,0.0,5130.1,工业机械,11323.0
2013-10-25,SZE_300173,2.9412536741,8.88,0.0,5130.1,工业机械,11323.0
2013-10-28,SZE_300173,2.9876247906,9.02,0.0,5130.1,工业机械,11323.0
2013-10-29,SZE_300173,3.186358147,9.62,0.0,5130.1,工业机械,11323.0
2013-10-30,SZE_300173,2.9810003454,9.0,0.0,5130.1,工业机械,11323.0
2013-10-31,SZE_300173,2.7789547664,8.39,0.0,5130.1,工业机械,11323.0
2013-11-01,SZE_300173,2.7822669891,8.4,0.0,5130.1,工业机械,11323.0
2013-11-04,SZE_300173,2.7955158795,8.44,0.0,5130.1,工业机械,11323.0
2013-11-05,SZE_300173,2.7955158795,8.44,0.0,5130.1,工业机械,11323.0
2013-11-06,SZE_300173,2.7425203178,8.28,0.0,5130.1,工业机械,11323.0
2013-11-07,SZE_300173,2.7193347595,8.21,0.0,5130.1,工业机械,11323.0
2013-11-08,SZE_300173,2.6961492013,8.14,0.0,5130.1,工业机械,11323.0
2013-11-11,SZE_300173,2.7226469821,8.22,0.0,5130.1,工业机械,11323.0
2013-11-12,SZE_300173,2.7888914343,8.42,0.0,5130.1,工业机械,11323.0
2013-11-13,SZE_300173,2.7226469821,8.22,0.0,5130.1,工业机械,11323.0
2013-11-14,SZE_300173,2.8220136603,8.52,0.0,5130.1,工业机械,11323.0
2013-11-15,SZE_300173,2.8981947803,8.75,0.0,5130.1,工业机械,11323.0
2013-11-18,SZE_300173,2.967751455,8.96,0.0,5130.1,工业机械,11323.0
2013-11-19,SZE_300173,2.967751455,8.96,0.0,5130.1,工业机械,11323.0
2013-11-20,SZE_300173,2.9776881228,8.99,0.0,5130.1,工业机械,11323.0
2013-11-21,SZE_300173,2.9346292289,8.86,0.0,5130.1,工业机械,11323.0
2013-11-22,SZE_300173,2.9644392324,8.95,0.0,5130.1,工业机械,11323.0
2013-11-25,SZE_300173,2.9909370132,9.03,0.0,5130.1,工业机械,11323.0
2013-11-26,SZE_300173,3.0803670236,9.3,0.0,5130.1,工业机械,11323.0
2013-11-27,SZE_300173,3.0903036914,9.33,0.0,5130.1,工业机械,11323.0
2013-11-28,SZE_300173,3.093615914,9.34,0.0,5130.1,工业机械,11323.0
2013-11-29,SZE_300173,3.27910038,9.9,0.0,5130.1,工业机械,11323.0
2013-12-02,SZE_300173,3.0041859037,9.07,0.0,5130.1,工业机械,11323.0
2013-12-03,SZE_300173,3.0704303558,9.27,0.0,5130.1,工业机械,11323.0
2013-12-04,SZE_300173,3.1499236983,9.51,0.0,5130.1,工业机械,11323.0
2013-12-05,SZE_300173,3.1168014723,9.41,0.0,5130.1,工业机械,11323.0
2013-12-06,SZE_300173,3.0439325749,9.19,0.0,5130.1,工业机械,11323.0
2013-12-09,SZE_300173,3.2062314826,9.68,0.0,5130.1,工业机械,11323.0
2013-12-10,SZE_300173,3.1234259175,9.43,0.0,5130.1,工业机械,11323.0
2013-12-11,SZE_300173,3.1134892497,9.4,0.0,5130.1,工业机械,11323.0
2013-12-12,SZE_300173,3.1731092566,9.58,0.0,5130.1,工业机械,11323.0
2013-12-13,SZE_300173,3.2128559278,9.7,0.0,5130.1,工业机械,11323.0
2013-12-16,SZE_300173,3.1399870305,9.48,0.0,5130.1,工业机械,11323.0
2013-12-17,SZE_300173,3.077054801,9.29,0.0,5130.1,工业机械,11323.0
2013-12-18,SZE_300173,3.0704303558,9.27,0.0,5130.1,工业机械,11323.0
2013-12-19,SZE_300173,3.0737425784,9.28,0.0,5130.1,工业机械,11323.0
2013-12-20,SZE_300173,3.0439325749,9.19,0.0,5130.1,工业机械,11323.0
2013-12-23,SZE_300173,2.951190342,8.91,0.0,5130.1,工业机械,11323.0
2013-12-24,SZE_300173,2.9810003454,9.0,0.0,5130.1,工业机械,11323.0
2013-12-25,SZE_300173,3.0869914688,9.32,0.0,5130.1,工业机械,11323.0
2013-12-26,SZE_300173,3.0472447975,9.2,0.0,5130.1,工业机械,11323.0
2013-12-27,SZE_300173,3.169797034,9.57,0.0,5130.1,工业机械,11323.0
2013-12-30,SZE_300173,3.2724759347,9.88,0.0,5130.1,工业机械,11323.0
2013-12-31,SZE_300173,3.2062314826,9.68,0.0,5130.1,工业机械,11323.0
2014-01-02,SZE_300173,3.3453448321,10.1,0.0,5130.1,工业机械,11323.0
2014-01-03,SZE_300173,3.3055981608,9.98,0.0,5130.1,工业机械,11323.0
2014-01-06,SZE_300173,3.312222606,10.0,0.0,5130.1,工业机械,11323.0
2014-01-07,SZE_300173,3.4182137294,10.32,0.0,5130.1,工业机械,11323.0
2014-01-08,SZE_300173,3.421525952,10.33,0.0,5130.1,工业机械,11323.0
2014-01-09,SZE_300173,3.3221592738,10.03,0.0,5130.1,工业机械,11323.0
2014-01-10,SZE_300173,3.3022859382,9.97,0.0,5130.1,工业机械,11323.0
2014-01-13,SZE_300173,3.3519692773,10.12,0.0,5130.1,工业机械,11323.0
2014-01-14,SZE_300173,3.6865037605,11.13,0.0,5130.1,工业机械,11323.0
2014-01-15,SZE_300173,4.0243504663,12.15,0.0,5130.1,工业机械,11323.0
2014-01-16,SZE_300173,3.842178223,11.6,0.0,5130.1,工业机械,11323.0
2014-01-17,SZE_300173,3.6865037605,11.13,0.0,5130.1,工业机械,11323.0
2014-01-20,SZE_300173,3.5904493049,10.84,0.0,5130.1,工业机械,11323.0
2014-01-21,SZE_300173,3.7030648735,11.18,0.0,5130.1,工业机械,11323.0
2014-01-22,SZE_300173,3.7262504318,11.25,0.0,5130.1,工业机械,11323.0
2014-01-23,SZE_300173,3.8090559969,11.5,0.0,5130.1,工业机械,11323.0
2014-01-24,SZE_300173,3.5540148563,10.73,0.0,5130.1,工业机械,11323.0
2014-01-27,SZE_300173,3.4678970685,10.47,0.0,5130.1,工业机械,11323.0
2014-01-28,SZE_300173,3.4513359555,10.42,0.0,5130.1,工业机械,11323.0
2014-01-29,SZE_300173,3.5076437398,10.59,0.0,5130.1,工业机械,11323.0
2014-01-30,SZE_300173,3.4314626198,10.36,0.0,5130.1,工业机械,11323.0
2014-02-07,SZE_300173,3.4844581815,10.52,0.0,8250.3,工业机械,11323.0
2014-02-10,SZE_300173,3.5507026337,10.72,0.0,8250.3,工业机械,11323.0
2014-02-11,SZE_300173,3.640132644,10.99,0.0,8250.3,工业机械,11323.0
2014-02-12,SZE_300173,3.6732548701,11.09,0.0,8250.3,工业机械,11323.0
2014-02-13,SZE_300173,3.4645848459,10.46,0.0,8250.3,工业机械,11323.0
2014-02-14,SZE_300173,3.5175804076,10.62,0.0,8250.3,工业机械,11323.0
2014-02-17,SZE_300173,3.6003859727,10.87,0.0,8250.3,工业机械,11323.0
2014-02-18,SZE_300173,3.6335081988,10.97,0.0,8250.3,工业机械,11323.0
2014-02-19,SZE_300173,3.7096893187,11.2,0.0,8250.3,工业机械,11323.0
2014-02-20,SZE_300173,3.82561711,11.55,0.0,8250.3,工业机械,11323.0
2014-02-21,SZE_300173,3.7527482126,11.33,0.0,8250.3,工业机械,11323.0
2014-02-24,SZE_300173,3.8189926647,11.53,0.0,8250.3,工业机械,11323.0
2014-02-25,SZE_300173,3.5043315172,10.58,0.0,8250.3,工业机械,11323.0
2014-02-26,SZE_300173,3.4513359555,10.42,0.0,8250.3,工业机械,11323.0
2014-02-27,SZE_300173,3.3685303903,10.17,0.0,8250.3,工业机械,11323.0
2014-02-28,SZE_300173,3.4149015068,10.31,0.0,8250.3,工业机械,11323.0
2014-03-03,SZE_300173,3.4712092911,10.48,0.0,8250.3,工业机械,11323.0
2014-03-04,SZE_300173,3.4314626198,10.36,0.0,8250.3,工业机械,11323.0
2014-03-05,SZE_300173,3.5043315172,10.58,0.0,8250.3,工业机械,11323.0
2014-03-06,SZE_300173,3.4513359555,10.42,0.0,8250.3,工业机械,11323.0
2014-03-07,SZE_300173,3.4149015068,10.31,0.0,8250.3,工业机械,11323.0
2014-03-10,SZE_300173,3.2261048183,9.74,0.0,8250.3,工业机械,11323.0
2014-03-11,SZE_300173,3.2459781539,9.8,0.0,8250.3,工业机械,11323.0
2014-03-12,SZE_300173,3.2559148217,9.83,0.0,8250.3,工业机械,11323.0
2014-03-13,SZE_300173,3.438087065,10.38,0.0,8250.3,工业机械,11323.0
2014-03-14,SZE_300173,3.4281503972,10.35,0.0,8250.3,工业机械,11323.0
2014-03-17,SZE_300173,3.4943948493,10.55,0.0,8250.3,工业机械,11323.0
2014-03-18,SZE_300173,3.5043315172,10.58,0.0,8259.2,工业机械,11323.0
2014-03-19,SZE_300173,3.5208926302,10.63,0.0,8259.2,工业机械,11323.0
2014-03-20,SZE_300173,3.5838248597,10.82,0.0,8259.2,工业机械,11323.0
2014-03-21,SZE_300173,3.6335081988,10.97,0.0,8259.2,工业机械,11323.0
2014-03-24,SZE_300173,3.6268837536,10.95,0.0,8259.2,工业机械,11323.0
2014-03-25,SZE_300173,3.5772004145,10.8,0.0,8259.2,工业机械,11323.0
2014-03-26,SZE_300173,3.6268837536,10.95,0.0,8259.2,工业机械,11323.0
2014-03-27,SZE_300173,3.5838248597,10.82,0.0,8259.2,工业机械,11323.0
2014-03-28,SZE_300173,3.4579604007,10.44,0.0,8259.2,工业机械,11323.0
2014-03-31,SZE_300173,3.2625392669,9.85,0.0,8259.2,工业机械,11323.0
2014-04-01,SZE_300173,3.2724759347,9.88,0.0,8259.2,工业机械,11323.0
2014-04-02,SZE_300173,3.295661493,9.95,0.0,8259.2,工业机械,11323.0
2014-04-03,SZE_300173,3.3188470512,10.02,0.0,8259.2,工业机械,11323.0
2014-04-04,SZE_300173,3.3685303903,10.17,0.0,8259.2,工业机械,11323.0
2014-04-08,SZE_300173,3.404964839,10.28,0.0,8259.2,工业机械,11323.0
2014-04-09,SZE_300173,3.5805126371,10.81,0.0,8259.2,工业机械,11323.0
2014-04-10,SZE_300173,3.6136348632,10.91,0.0,8259.2,工业机械,11323.0
2014-04-11,SZE_300173,3.5838248597,10.82,0.0,8259.2,工业机械,11323.0
2014-04-14,SZE_300173,3.6036981953,10.88,0.0,8259.2,工业机械,11323.0
2014-04-15,SZE_300173,3.623571531,10.94,0.0,8259.2,工业机械,11323.0
2014-04-16,SZE_300173,3.5937615275,10.85,0.0,8259.2,工业机械,11323.0
2014-04-17,SZE_300173,3.6202593084,10.93,0.0,8259.2,工业机械,11323.0
2014-04-18,SZE_300173,3.6798793153,11.11,0.0,8259.2,工业机械,11323.0
2014-04-21,SZE_300173,3.5208926302,10.63,0.0,8259.2,工业机械,11323.0
2014-04-22,SZE_300173,3.4115892842,10.3,0.0,8259.2,工业机械,11323.0
2014-04-23,SZE_300173,3.404964839,10.28,0.0,8259.2,工业机械,11323.0
2014-04-24,SZE_300173,3.4480237329,10.41,0.0,8259.2,工业机械,11323.0
2014-04-25,SZE_300173,3.530829298,10.66,0.0,8259.2,工业机械,11323.0
2014-04-28,SZE_300173,3.3519692773,10.12,0.0,8259.2,工业机械,11323.0
2014-04-29,SZE_300173,3.4248381746,10.34,0.0,8259.2,工业机械,11323.0
2014-04-30,SZE_300173,3.6103226406,10.9,0.0,8259.2,工业机械,11323.0
2014-05-05,SZE_300173,3.8521148908,11.63,0.0,8259.2,工业机械,11323.0
2014-05-06,SZE_300173,3.8189926647,11.53,0.0,8259.2,工业机械,11323.0
2014-05-07,SZE_300173,3.7394993222,11.29,0.0,8259.2,工业机械,11323.0
2014-05-08,SZE_300173,3.9349204559,11.88,0.0,8259.2,工业机械,11323.0
2014-05-09,SZE_300173,3.9647304594,11.97,0.0,8259.2,工业机械,11323.0
2014-05-12,SZE_300173,3.9746671272,12.0,0.0,8259.2,工业机械,11323.0
2014-05-13,SZE_300173,3.9713549046,11.99,0.0,8259.2,工业机械,11323.0
2014-05-14,SZE_300173,3.9316082333,11.87,0.0,8259.2,工业机械,11323.0
2014-05-15,SZE_300173,3.7063770961,11.19,0.0,8259.2,工业机械,11323.0
2014-05-16,SZE_300173,3.8355537778,11.58,0.0,8259.2,工业机械,11323.0
2014-05-19,SZE_300173,3.8090559969,11.5,0.0,8259.2,工业机械,11323.0
2014-05-20,SZE_300173,3.7527482126,11.33,0.0,8259.2,工业机械,11323.0
2014-05-21,SZE_300173,3.8355537778,11.58,0.0,8259.2,工业机械,11323.0
2014-05-22,SZE_300173,3.858739336,11.65,0.0,8259.2,工业机械,11323.0
2014-05-23,SZE_300173,3.8488026682,11.62,0.0,8259.2,工业机械,11323.0
2014-05-26,SZE_300173,4.2330204905,12.78,0.0,8259.2,工业机械,11323.0
2014-05-27,SZE_300173,4.1402782575,12.5,0.0,8259.2,工业机械,11323.0
2014-05-28,SZE_300173,4.170088261,12.59,0.0,8259.2,工业机械,11323.0
2014-05-29,SZE_300173,4.2230838227,12.75,0.0,8259.2,工业机械,11323.0
2014-05-30,SZE_300173,4.1237171445,12.45,0.0,8259.2,工业机械,11323.0
2014-08-19,SZE_300173,4.5377449702,13.7,0.0,11323.0,工业机械,11323.0
2014-08-20,SZE_300173,4.9915194673,15.07,0.0,11323.0,工业机械,11323.0
2014-08-21,SZE_300173,5.4916650808,16.58,0.0,11323.0,工业机械,11323.0
2014-08-22,SZE_300173,6.0414940334,18.24,0.0,11323.0,工业机械,11323.0
2014-08-25,SZE_300173,6.6443185477,20.06,0.0,11323.0,工业机械,11323.0
2014-08-26,SZE_300173,7.3100752915,22.07,0.0,11323.0,工业机械,11323.0
2014-08-27,SZE_300173,7.6313608843,23.04,0.0,11323.0,工业机械,11323.0
2014-08-28,SZE_300173,7.0550341508,21.3,0.0,11323.0,工业机械,11323.0
2014-08-29,SZE_300173,6.8960474657,20.82,0.0,11323.0,工业机械,11323.0
2014-09-01,SZE_300173,7.1477763838,21.58,0.0,11323.0,工业机械,11323.0
2014-09-02,SZE_300173,7.2372063941,21.85,0.0,11323.0,工业机械,11323.0
2014-09-03,SZE_300173,7.6114875486,22.98,0.0,11323.0,工业机械,11323.0
2014-09-04,SZE_300173,7.8499675763,23.7,0.0,11323.0,工业机械,11323.0
2014-09-05,SZE_300173,7.8830898023,23.8,0.0,11323.0,工业机械,11323.0
2014-09-09,SZE_300173,8.340176522,25.18,0.0,11323.0,工业机械,11323.0
2014-09-10,SZE_300173,7.9559586997,24.02,0.0,11323.0,工业机械,11323.0
2014-09-11,SZE_300173,7.9824564805,24.1,0.0,11323.0,工业机械,11323.0
2014-09-12,SZE_300173,7.9957053709,24.14,0.0,11323.0,工业机械,11323.0
2014-09-15,SZE_300173,7.8367186858,23.66,0.0,11323.0,工业机械,11323.0
2014-09-16,SZE_300173,7.6181119938,23.0,0.0,11323.0,工业机械,11323.0
2014-09-17,SZE_300173,7.7207908946,23.31,0.0,11323.0,工业机械,11323.0
2014-09-18,SZE_300173,8.028827597,24.24,0.0,11323.0,工业机械,11323.0
2014-09-19,SZE_300173,8.8303854676,26.66,0.0,11323.0,工业机械,11323.0
2014-09-22,SZE_300173,9.373589975,28.3,0.0,11323.0,工业机械,11323.0
2014-09-23,SZE_300173,9.5160155471,28.73,0.0,11323.0,工业机械,11323.0
2014-09-24,SZE_300173,9.1086121665,27.5,0.0,11323.0,工业机械,11323.0
2014-09-25,SZE_300173,8.8336976902,26.67,0.0,11323.0,工业机械,11323.0
2014-09-26,SZE_300173,8.8701321389,26.78,0.0,11323.0,工业机械,11323.0
2014-09-29,SZE_300173,8.6747110052,26.19,0.0,11323.0,工业机械,11323.0
2014-09-30,SZE_300173,8.7773899059,26.5,0.0,11323.0,工业机械,11323.0
2014-10-08,SZE_300173,8.1513798334,24.61,0.0,11323.0,工业机械,11323.0
2014-10-09,SZE_300173,8.1811898369,24.7,0.0,11323.0,工业机械,11323.0
2014-10-10,SZE_300173,8.0155787066,24.2,0.0,11323.0,工业机械,11323.0
2014-10-13,SZE_300173,7.9725198127,24.07,0.0,11323.0,工业机械,11323.0
2014-10-14,SZE_300173,7.8069086824,23.57,0.0,11323.0,工业机械,11323.0
2014-10-15,SZE_300173,7.8400309084,23.67,0.0,11323.0,工业机械,11323.0
2014-10-16,SZE_300173,7.7506008981,23.4,0.0,11323.0,工业机械,11323.0
2014-10-17,SZE_300173,7.5088086478,22.67,0.0,11323.0,工业机械,11323.0
2014-10-20,SZE_300173,7.6280486617,23.03,0.0,11323.0,工业机械,11323.0
2014-10-21,SZE_300173,7.6247364391,23.02,0.0,11323.0,工业机械,11323.0
2014-10-22,SZE_300173,7.4193786375,22.4,0.0,11323.0,工业机械,11323.0
2014-10-23,SZE_300173,7.247143062,21.88,0.0,11323.0,工业机械,11323.0
2014-10-24,SZE_300173,7.2736408428,21.96,0.0,11323.0,工业机械,11323.0
2014-10-27,SZE_300173,7.5783653226,22.88,0.0,11323.0,工业机械,11323.0
2014-10-28,SZE_300173,7.9162120284,23.9,0.0,11323.0,工业机械,11323.0
2014-10-29,SZE_300173,7.9162120284,23.9,0.0,11323.0,工业机械,11323.0
2014-10-30,SZE_300173,7.8797775797,23.79,0.0,11323.0,工业机械,11323.0
2014-10-31,SZE_300173,7.810220905,23.58,0.0,11323.0,工业机械,11323.0
2014-11-03,SZE_300173,8.3335520767,25.16,0.0,11323.0,工业机械,11323.0
2014-11-04,SZE_300173,8.2242487307,24.83,0.0,11323.0,工业机械,11323.0
2014-11-05,SZE_300173,8.2507465116,24.91,0.0,11323.0,工业机械,11323.0
2014-11-06,SZE_300173,8.499163207,25.66,0.0,11323.0,工业机械,11323.0
2014-11-07,SZE_300173,8.3468009672,25.2,0.0,11323.0,工业机械,11323.0
2014-11-10,SZE_300173,7.9957053709,24.14,0.0,11323.0,工业机械,11323.0
2014-11-11,SZE_300173,7.247143062,21.88,0.0,11323.0,工业机械,11323.0
2014-11-12,SZE_300173,7.3200119593,22.1,0.0,11323.0,工业机械,11323.0
2014-11-13,SZE_300173,6.9755408083,21.06,0.0,11323.0,工业机械,11323.0
2014-11-14,SZE_300173,7.02853637,21.22,0.0,11323.0,工业机械,11323.0
2014-11-17,SZE_300173,7.3696952984,22.25,0.0,11323.0,工业机械,11323.0
2014-11-18,SZE_300173,7.5154330931,22.69,0.0,11323.0,工业机械,11323.0
2014-11-19,SZE_300173,7.5054964252,22.66,0.0,11323.0,工业机械,11323.0
2014-11-27,SZE_300173,8.2573709568,24.93,0.0,11323.0,工业机械,11323.0
2014-11-28,SZE_300173,9.0821143857,27.42,0.0,11323.0,工业机械,11323.0
2014-12-01,SZE_300173,8.8204487998,26.63,0.0,11323.0,工业机械,11323.0
2014-12-02,SZE_300173,8.6647743373,26.16,0.0,11323.0,工业机械,11323.0
2014-12-03,SZE_300173,8.3766109706,25.29,0.0,11323.0,工业机械,11323.0
2014-12-04,SZE_300173,8.3037420733,25.07,0.0,11323.0,工业机械,11323.0
2014-12-05,SZE_300173,7.8069086824,23.57,0.0,11323.0,工业机械,11323.0
2014-12-08,SZE_300173,7.3862564114,22.3,0.0,11323.0,工业机械,11323.0
2014-12-09,SZE_300173,6.6476307703,20.07,0.0,11323.0,工业机械,11323.0
2014-12-10,SZE_300173,6.9622919178,21.02,0.0,11323.0,工业机械,11323.0
2014-12-11,SZE_300173,7.0318485926,21.23,0.0,11323.0,工业机械,11323.0
2014-12-12,SZE_300173,7.2603919524,21.92,0.0,11323.0,工业机械,11323.0
2014-12-15,SZE_300173,7.4922475348,22.62,0.0,11323.0,工业机械,11323.0
2014-12-16,SZE_300173,7.5783653226,22.88,0.0,11323.0,工业机械,11323.0
2014-12-17,SZE_300173,7.8334064632,23.65,0.0,11323.0,工业机械,11323.0
2014-12-18,SZE_300173,7.8864020249,23.81,0.0,11323.0,工业机械,11323.0
2014-12-19,SZE_300173,7.5021842026,22.65,0.0,11323.0,工业机械,11323.0
2014-12-22,SZE_300173,6.7536218937,20.39,0.0,11323.0,工业机械,11323.0
2014-12-23,SZE_300173,6.5846985408,19.88,0.0,11323.0,工业机械,11323.0
2014-12-24,SZE_300173,6.8662374623,20.73,0.0,11323.0,工业机械,11323.0
2014-12-25,SZE_300173,6.9887896987,21.1,0.0,11323.0,工业机械,11323.0
2014-12-26,SZE_300173,7.2239575037,21.81,0.0,11323.0,工业机械,11323.0
2014-12-29,SZE_300173,6.7204996676,20.29,0.0,11323.0,工业机械,11323.0
2014-12-30,SZE_300173,6.7801196745,20.47,0.0,11323.0,工业机械,11323.0
2014-12-31,SZE_300173,6.9258574692,20.91,0.0,8149.6,工业机械,19539.3
2015-01-05,SZE_300173,6.7668707841,20.43,0.0,8149.6,工业机械,19539.3
2015-01-06,SZE_300173,7.2206452811,21.8,0.0,8149.6,工业机械,19539.3
2015-01-07,SZE_300173,6.9722285857,21.05,0.0,8149.6,工业机械,19539.3
2015-01-08,SZE_300173,7.0119752569,21.17,0.0,8149.6,工业机械,19539.3
2015-01-09,SZE_300173,6.7304363354,20.32,0.0,8149.6,工业机械,19539.3
2015-01-12,SZE_300173,6.5184540886,19.68,0.0,8149.6,工业机械,19539.3
2015-01-13,SZE_300173,6.7271241128,20.31,0.0,8149.6,工业机械,19539.3
2015-01-14,SZE_300173,6.3925896296,19.3,0.0,8149.6,工业机械,19539.3
2015-01-15,SZE_300173,6.4257118557,19.4,0.0,8149.6,工业机械,19539.3
2015-01-16,SZE_300173,6.5714496503,19.84,0.0,8149.6,工业机械,19539.3
2015-01-19,SZE_300173,6.5217663112,19.69,0.0,8149.6,工业机械,19539.3
2015-01-20,SZE_300173,6.9258574692,20.91,0.0,8149.6,工业机械,19539.3
2015-01-21,SZE_300173,7.0351608152,21.24,0.0,8149.6,工业机械,19539.3
2015-01-22,SZE_300173,7.263704175,21.93,0.0,8149.6,工业机械,19539.3
2015-01-23,SZE_300173,7.0550341508,21.3,0.0,8149.6,工业机械,19539.3
2015-01-26,SZE_300173,7.1245908255,21.51,0.0,8149.6,工业机械,19539.3
2015-01-27,SZE_300173,7.5584919869,22.82,0.0,8149.6,工业机械,19539.3
2015-01-28,SZE_300173,7.7340397851,23.35,0.0,8149.6,工业机械,19539.3
2015-01-29,SZE_300173,7.8499675763,23.7,0.0,8149.6,工业机械,19539.3
2015-01-30,SZE_300173,7.7075420042,23.27,0.0,8149.6,工业机械,19539.3
2015-02-02,SZE_300173,7.4359397505,22.45,0.0,8149.6,工业机械,19539.3
2015-02-03,SZE_300173,7.5849897678,22.9,0.0,8149.6,工业机械,19539.3
2015-02-04,SZE_300173,7.6512342199,23.1,0.0,8149.6,工业机械,19539.3
2015-02-05,SZE_300173,7.4392519731,22.46,0.0,8149.6,工业机械,19539.3
2015-02-06,SZE_300173,8.1845020595,24.71,0.0,8149.6,工业机械,19539.3
2015-02-09,SZE_300173,7.7605375659,23.43,0.0,8149.6,工业机械,19539.3
2015-02-10,SZE_300173,7.6512342199,23.1,0.0,8149.6,工业机械,19539.3
2015-02-11,SZE_300173,7.6512342199,23.1,0.0,8149.6,工业机械,19539.3
2015-02-12,SZE_300173,7.5816775452,22.89,0.0,8149.6,工业机械,19539.3
2015-02-13,SZE_300173,7.936085364,23.96,0.0,8149.6,工业机械,19539.3
2015-02-16,SZE_300173,8.1977509499,24.75,0.0,8149.6,工业机械,19539.3
2015-02-17,SZE_300173,8.1414431656,24.58,0.0,8149.6,工业机械,19539.3
2015-02-25,SZE_300173,7.8731531345,23.77,0.0,8149.6,工业机械,19539.3
2015-02-26,SZE_300173,7.7638497885,23.44,0.0,8149.6,工业机械,19539.3
2015-02-27,SZE_300173,8.230873176,24.85,0.0,8149.6,工业机械,19539.3
2015-03-02,SZE_300173,8.6449010017,26.1,0.0,8149.6,工业机械,19539.3
2015-03-03,SZE_300173,8.373298748,25.28,0.0,8149.6,工业机械,19539.3
2015-03-04,SZE_300173,8.7475799025,26.41,0.0,8149.6,工业机械,19539.3
2015-03-05,SZE_300173,9.2775355195,28.01,0.0,8149.6,工业机械,19539.3
2015-03-06,SZE_300173,9.1152366118,27.52,0.0,8149.6,工业机械,19539.3
2015-03-09,SZE_300173,9.6319433383,29.08,0.0,8149.6,工业机械,19539.3
2015-03-10,SZE_300173,9.4762688758,28.61,0.0,8149.6,工业机械,19539.3
2015-03-11,SZE_300173,9.0986754987,27.47,0.0,8149.6,工业机械,19539.3
2015-03-12,SZE_300173,9.4597077628,28.56,0.0,8149.6,工业机械,19539.3
2015-03-13,SZE_300173,9.2013543995,27.78,0.0,8149.6,工业机械,19539.3
2015-03-16,SZE_300173,9.5358888827,28.79,0.0,8149.6,工业机械,19539.3
2015-03-17,SZE_300173,9.449771095,28.53,0.0,8149.6,工业机械,19539.3
2015-03-18,SZE_300173,9.4332099819,28.48,0.0,8149.6,工业机械,19539.3
2015-03-19,SZE_300173,9.5060788793,28.7,0.0,8149.6,工业机械,19539.3
2015-03-20,SZE_300173,9.5392011053,28.8,0.0,8149.6,工业机械,19539.3
2015-03-23,SZE_300173,9.5524499958,28.84,0.0,8149.6,工业机械,19539.3
2015-03-24,SZE_300173,10.330822308,31.19,0.0,8149.6,工业机械,19539.3
2015-03-25,SZE_300173,10.052595609,30.35,0.0,8149.6,工业机械,19539.3
2015-03-26,SZE_300173,9.340467749,28.2,0.0,8149.6,工业机械,19539.3
2015-03-27,SZE_300173,9.1748566187,27.7,0.0,8149.6,工业机械,19539.3
2015-03-30,SZE_300173,8.9728110397,27.09,0.0,8149.6,工业机械,19539.3
2015-03-31,SZE_300173,9.1317977248,27.57,0.0,8149.6,工业机械,19539.3
2015-04-01,SZE_300173,9.2245399578,27.85,0.0,8149.6,工业机械,19539.3
2015-04-02,SZE_300173,9.3007210777,28.08,0.0,8149.6,工业机械,19539.3
2015-04-03,SZE_300173,9.1814810639,27.72,0.0,8149.6,工业机械,19539.3
2015-04-07,SZE_300173,10.098966726,30.49,0.0,8149.6,工业机械,19539.3
2015-04-08,SZE_300173,9.4729566532,28.6,0.0,8149.6,工业机械,19539.3
2015-04-09,SZE_300173,10.420252319,31.46,0.0,8149.6,工业机械,19539.3
2015-04-10,SZE_300173,11.463602439,34.61,0.0,8149.6,工业机械,19539.3
2015-04-13,SZE_300173,12.609631461,38.07,0.0,8149.6,工业机械,19539.3
2015-04-14,SZE_300173,13.871588274,41.88,0.0,8149.6,工业机械,19539.3
2015-04-15,SZE_300173,15.259409546,46.07,0.0,8149.6,工业机械,19539.3
2015-04-16,SZE_300173,14.242557206,43.0,0.0,8149.6,工业机械,19539.3
2015-04-17,SZE_300173,14.391607223,43.45,0.0,8149.6,工业机械,19539.3
2015-04-20,SZE_300173,15.004368405,45.3,0.0,8149.6,工业机械,19539.3
2015-04-21,SZE_300173,15.617129587,47.15,0.0,8149.6,工业机械,19539.3
2015-04-22,SZE_300173,15.372025115,46.41,0.0,8149.6,工业机械,19539.3
2015-04-23,SZE_300173,15.368712892,46.4,0.0,8149.6,工业机械,19539.3
2015-04-24,SZE_300173,15.782740718,47.65,0.0,8149.6,工业机械,19539.3
2015-04-27,SZE_300173,15.272658436,46.11,0.0,8149.6,工业机械,19539.3
2015-04-28,SZE_300173,14.348548329,43.32,0.0,8149.6,工业机械,19539.3
2015-04-29,SZE_300173,14.606901693,44.1,0.0,8149.6,工业机械,19539.3
2015-04-30,SZE_300173,14.176312754,42.8,0.0,8149.6,工业机械,19539.3
2015-05-04,SZE_300173,14.706268371,44.4,0.0,8149.6,工业机械,19539.3
2015-05-05,SZE_300173,15.004368405,45.3,0.0,8149.6,工业机械,19539.3
2015-05-06,SZE_300173,15.441581789,46.62,0.0,8149.6,工业机械,19539.3
2015-05-07,SZE_300173,15.550885135,46.95,0.0,8149.6,工业机械,19539.3
2015-05-08,SZE_300173,17.10762976,51.65,0.0,8149.6,工业机械,19539.3
2015-05-22,SZE_300173,18.820048847,56.82,0.0,8149.6,工业机械,19539.3
2015-05-25,SZE_300173,20.701391288,62.5,0.0,8149.6,工业机械,19539.3
2015-05-26,SZE_300173,22.771530416,68.75,0.0,8149.6,工业机械,19539.3
2015-05-27,SZE_300173,25.050339569,75.63,0.0,8149.6,工业机械,19539.3
2015-05-28,SZE_300173,25.669725197,77.5,0.0,8149.6,工业机械,19539.3
2015-05-29,SZE_300173,28.236697716,85.25,0.0,8149.6,工业机械,19539.3
2015-06-01,SZE_300173,27.514633188,83.07,0.0,8149.6,工业机械,19539.3
2015-06-02,SZE_300173,30.267090174,91.38,0.0,8149.6,工业机械,19539.3
2015-06-03,SZE_300173,29.578147872,89.3,0.0,8149.6,工业机械,19539.3
2015-06-04,SZE_300173,26.620333085,26.79,0.0,24448.8,工业机械,58618.1
2015-06-05,SZE_300173,26.620333085,26.79,0.0,24448.8,工业机械,58618.1
2015-06-08,SZE_300173,23.957306109,24.11,0.0,24448.8,工业机械,58618.1
2015-06-09,SZE_300173,24.245469476,24.4,0.0,24448.8,工业机械,58618.1
2015-06-10,SZE_300173,25.646539638,25.81,0.0,24448.8,工业机械,58618.1
2015-06-11,SZE_300173,24.801922874,24.96,0.0,24448.8,工业机械,58618.1
2015-06-12,SZE_300173,24.841669545,25.0,0.0,24448.8,工业机械,58618.1
2015-06-15,SZE_300173,23.649269407,23.8,0.0,24448.8,工业机械,58618.1
2015-06-16,SZE_300173,21.304215802,21.44,0.0,24448.8,工业机械,58618.1
2015-06-17,SZE_300173,22.148832566,22.29,0.0,24448.8,工业机械,58618.1
2015-06-18,SZE_300173,22.158769234,22.3,0.0,24448.8,工业机械,58618.1
2015-06-19,SZE_300173,21.184975788,21.32,0.0,24448.8,工业机械,58618.1
2015-06-23,SZE_300173,22.17864257,22.32,0.0,24448.8,工业机械,58618.1
2015-06-24,SZE_300173,23.142499348,23.29,0.0,24448.8,工业机械,58618.1
2015-06-25,SZE_300173,24.026862784,24.18,0.0,24448.8,工业机械,58618.1
2015-06-26,SZE_300173,21.622189172,21.76,0.0,24448.8,工业机械,58618.1
2015-06-29,SZE_300173,19.455995588,19.58,0.0,24448.8,工业机械,58618.1
2015-06-30,SZE_300173,18.829985515,18.95,0.0,24604.9,工业机械,58618.1
2015-07-01,SZE_300173,16.951955298,17.06,0.0,24604.9,工业机械,58618.1
2015-07-02,SZE_300173,15.252785101,15.35,0.0,24604.9,工业机械,58618.1
2015-07-03,SZE_300173,13.732474925,13.82,0.0,24604.9,工业机械,58618.1
2015-07-06,SZE_300173,12.361214766,12.44,0.0,24604.9,工业机械,58618.1
2015-07-07,SZE_300173,11.129067956,11.2,0.0,24604.9,工业机械,58618.1
2015-07-08,SZE_300173,10.016161161,10.08,0.0,24604.9,工业机械,58618.1
2015-07-09,SZE_300173,11.01976461,11.09,0.0,24604.9,工业机械,58618.1
2015-07-10,SZE_300173,12.122734738,12.2,0.0,24604.9,工业机械,58618.1
2015-07-13,SZE_300173,13.335008212,13.42,0.0,24604.9,工业机械,58618.1
2015-07-14,SZE_300173,14.666521699,14.76,0.0,24604.9,工业机械,58618.1
2015-07-15,SZE_300173,13.195894862,13.28,0.0,24604.9,工业机械,58618.1
2015-07-16,SZE_300173,13.931208281,14.02,0.0,24604.9,工业机械,58618.1
2015-07-17,SZE_300173,15.322341775,15.42,0.0,24604.9,工业机械,58618.1
2015-07-20,SZE_300173,15.729745156,15.83,0.0,24604.9,工业机械,58618.1
2015-07-21,SZE_300173,15.640315146,15.74,0.0,24604.9,工业机械,58618.1
2015-07-22,SZE_300173,15.779428495,15.88,0.0,24604.9,工业机械,58618.1
2015-07-23,SZE_300173,17.359358678,17.47,0.0,24604.9,工业机械,58618.1
2015-07-24,SZE_300173,17.150688654,17.26,0.0,24604.9,工业机械,58618.1
2015-07-27,SZE_300173,15.431645121,15.53,0.0,24604.9,工业机械,58618.1
2015-07-28,SZE_300173,14.060384963,14.15,0.0,24604.9,工业机械,58618.1
2015-07-29,SZE_300173,15.471391793,15.57,0.0,24604.9,工业机械,58618.1
2015-07-30,SZE_300173,15.113671751,15.21,0.0,24604.9,工业机械,58618.1
2015-07-31,SZE_300173,15.84898517,15.95,0.0,24604.9,工业机械,58618.1
2015-08-03,SZE_300173,14.269054987,14.36,0.0,24604.9,工业机械,58618.1
2015-08-04,SZE_300173,15.699935153,15.8,0.0,24604.9,工业机械,58618.1
2015-08-05,SZE_300173,15.699935153,15.8,0.0,24604.9,工业机械,58618.1
2015-08-06,SZE_300173,15.232911765,15.33,0.0,24604.9,工业机械,58618.1
2015-08-07,SZE_300173,16.753221941,16.86,0.0,24604.9,工业机械,58618.1
2015-08-10,SZE_300173,17.89593874,18.01,0.0,24604.9,工业机械,58618.1
2015-08-11,SZE_300173,17.478598692,17.59,0.0,24604.9,工业机械,58618.1
2015-08-12,SZE_300173,18.770365508,18.89,0.0,24604.9,工业机械,58618.1
2015-08-13,SZE_300173,18.89954219,19.02,0.0,24604.9,工业机械,58618.1
2015-08-14,SZE_300173,18.44245547,18.56,0.0,24604.9,工业机械,58618.1
2015-08-18,SZE_300173,20.101878996,20.23,0.0,24604.9,工业机械,58618.1
2015-08-19,SZE_300173,21.483075823,21.62,0.0,24604.9,工业机械,58618.1
2015-08-20,SZE_300173,19.336755574,19.46,0.0,24604.9,工业机械,58618.1
2015-08-21,SZE_300173,17.399105349,17.51,0.0,24604.9,工业机械,58618.1
2015-08-24,SZE_300173,15.660188481,15.76,0.0,24604.9,工业机械,58618.1
2015-08-25,SZE_300173,14.090194966,14.18,0.0,24604.9,工业机械,58618.1
2015-08-26,SZE_300173,12.679188136,12.76,0.0,24604.9,工业机械,58618.1
2015-08-27,SZE_300173,12.937541499,13.02,0.0,24604.9,工业机械,58618.1
2015-08-28,SZE_300173,14.060384963,14.15,0.0,24604.9,工业机械,58618.1
2015-08-31,SZE_300173,14.139878305,14.23,0.0,24604.9,工业机械,58618.1
2015-09-01,SZE_300173,12.728871475,12.81,0.0,24604.9,工业机械,58618.1
2015-09-02,SZE_300173,12.897794828,12.98,0.0,24604.9,工业机械,58618.1
2015-09-07,SZE_300173,11.615964679,11.69,0.0,24604.9,工业机械,58618.1
2015-09-08,SZE_300173,12.132671406,12.21,0.0,24604.9,工业机械,58618.1
2015-09-09,SZE_300173,12.609631461,12.69,0.0,24604.9,工业机械,58618.1
2015-09-10,SZE_300173,12.073051399,12.15,0.0,24604.9,工业机械,58618.1
2015-09-11,SZE_300173,12.699061471,12.78,0.0,24604.9,工业机械,58618.1
2015-09-14,SZE_300173,11.427167991,11.5,0.0,24604.9,工业机械,58618.1
2015-09-15,SZE_300173,10.284451192,10.35,0.0,24604.9,工业机械,58618.1
2015-09-16,SZE_300173,11.317864645,11.39,0.0,24604.9,工业机械,58618.1
2015-09-17,SZE_300173,11.129067956,11.2,0.0,24604.9,工业机械,58618.1
2015-09-18,SZE_300173,11.387421319,11.46,0.0,24604.9,工业机械,58618.1
2015-09-21,SZE_300173,12.11279807,12.19,0.0,24604.9,工业机械,58618.1
2015-09-22,SZE_300173,12.490391447,12.57,0.0,24604.9,工业机械,58618.1
2015-09-23,SZE_300173,12.778554814,12.86,0.0,24604.9,工业机械,58618.1
2015-09-24,SZE_300173,13.017034842,13.1,0.0,24604.9,工业机械,58618.1
2015-09-25,SZE_300173,12.202228081,12.28,0.0,24604.9,工业机械,58618.1
2015-09-28,SZE_300173,12.818301485,12.9,0.0,24604.9,工业机械,58618.1
2015-09-29,SZE_300173,12.480454779,12.56,0.0,24604.9,工业机械,58618.1
2015-09-30,SZE_300173,12.639441465,12.72,0.0,24604.9,工业机械,58618.1
2015-10-08,SZE_300173,13.34494488,13.43,0.0,24604.9,工业机械,58618.1
2015-10-09,SZE_300173,13.901398277,13.99,0.0,24604.9,工业机械,58618.1
2015-10-12,SZE_300173,15.292531772,15.39,0.0,24604.9,工业机械,58618.1
2015-10-13,SZE_300173,16.822778616,16.93,0.0,24604.9,工业机械,58618.1
2015-10-14,SZE_300173,17.866128737,17.98,0.0,24604.9,工业机械,58618.1
2015-10-15,SZE_300173,18.015178754,18.13,0.0,24604.9,工业机械,58618.1
2015-10-16,SZE_300173,19.167832221,19.29,0.0,24604.9,工业机械,58618.1
2015-10-19,SZE_300173,18.233785446,18.35,0.0,24604.9,工业机械,58618.1
2015-10-20,SZE_300173,18.313278789,18.43,0.0,24604.9,工业机械,58618.1
2015-10-21,SZE_300173,16.48493191,16.59,0.0,24604.9,工业机械,58618.1
2015-10-22,SZE_300173,17.468662024,17.58,0.0,24604.9,工业机械,58618.1
2015-10-23,SZE_300173,18.651125494,18.77,0.0,24604.9,工业机械,58618.1
2015-11-23,SZE_300173,20.519219044,20.65,0.0,24604.9,工业机械,58618.1
2015-11-24,SZE_300173,20.121752332,20.25,0.0,24604.9,工业机械,58618.1
2015-11-25,SZE_300173,20.300612352,20.43,0.0,24604.9,工业机械,58618.1
2015-11-26,SZE_300173,19.277135567,19.4,0.0,24604.9,工业机械,58618.1
2015-11-27,SZE_300173,17.34942201,17.46,0.0,24604.9,工业机械,58618.1
2015-11-30,SZE_300173,16.951955298,17.06,0.0,24604.9,工业机械,58618.1
2015-12-01,SZE_300173,17.051321976,17.16,0.0,24604.9,工业机械,58618.1
2015-12-02,SZE_300173,16.216641879,16.32,0.0,24604.9,工业机械,58618.1
2015-12-03,SZE_300173,17.200371993,17.31,0.0,24604.9,工业机械,58618.1
2015-12-04,SZE_300173,17.359358678,17.47,0.0,24604.9,工业机械,58618.1
2015-12-07,SZE_300173,17.448788689,17.56,0.0,24604.9,工业机械,58618.1
2015-12-08,SZE_300173,16.792968613,16.9,0.0,24604.9,工业机械,58618.1
2015-12-09,SZE_300173,16.445185239,16.55,0.0,24604.9,工业机械,58618.1
2015-12-10,SZE_300173,16.80290528,16.91,0.0,24604.9,工业机械,58618.1
2015-12-11,SZE_300173,16.097401865,16.2,0.0,24604.9,工业机械,58618.1
2015-12-14,SZE_300173,16.743285273,16.85,0.0,24604.9,工业机械,58618.1
2015-12-15,SZE_300173,16.872461955,16.98,0.0,24604.9,工业机械,58618.1
2015-12-16,SZE_300173,17.001638637,17.11,0.0,24604.9,工业机械,58618.1
2015-12-17,SZE_300173,18.700808834,18.82,0.0,24604.9,工业机械,58618.1
2015-12-18,SZE_300173,18.154292104,18.27,0.0,24604.9,工业机械,58618.1
2015-12-21,SZE_300173,18.164228771,18.28,0.0,24604.9,工业机械,58618.1
2015-12-22,SZE_300173,18.402708799,18.52,0.0,24604.9,工业机械,58618.1
2015-12-23,SZE_300173,17.617712041,17.73,0.0,24604.9,工业机械,58618.1
2015-12-24,SZE_300173,17.776698726,17.89,0.0,24604.9,工业机械,58618.1
2015-12-25,SZE_300173,17.89593874,18.01,0.0,24604.9,工业机械,58618.1
2015-12-28,SZE_300173,17.369295346,17.48,0.0,24604.9,工业机械,58618.1
2015-12-29,SZE_300173,17.538218699,17.65,0.0,24604.9,工业机械,58618.1
2015-12-30,SZE_300173,18.104608764,18.22,0.0,24604.9,工业机械,58618.1
2015-12-31,SZE_300173,17.816445398,17.93,0.0,31121.5,工业机械,58618.1
2016-01-04,SZE_300173,16.037781858,16.14,0.0,31121.5,工业机械,58618.1
2016-01-05,SZE_300173,15.093798416,15.19,0.0,31121.5,工业机械,58618.1
2016-01-06,SZE_300173,15.570758471,15.67,0.0,31121.5,工业机械,58618.1
2016-01-07,SZE_300173,14.010701623,14.1,0.0,31121.5,工业机械,58618.1
2016-01-08,SZE_300173,13.861651606,13.95,0.0,31121.5,工业机械,58618.1
2016-01-11,SZE_300173,12.480454779,12.56,0.0,31121.5,工业机械,58618.1
2016-01-12,SZE_300173,12.470518112,12.55,0.0,31121.5,工业机械,58618.1
2016-01-13,SZE_300173,12.172418077,12.25,0.0,31121.5,工业机械,58618.1
2016-01-14,SZE_300173,12.927604831,13.01,0.0,31121.5,工业机械,58618.1
2016-01-15,SZE_300173,12.142608074,12.22,0.0,31121.5,工业机械,58618.1
2016-01-18,SZE_300173,12.907731496,12.99,0.0,31121.5,工业机械,58618.1
2016-01-19,SZE_300173,13.364818215,13.45,0.0,31121.5,工业机械,58618.1
2016-01-20,SZE_300173,12.97728817,13.06,0.0,31121.5,工业机械,58618.1
2016-01-21,SZE_300173,12.559948122,12.64,0.0,31121.5,工业机械,58618.1
2016-01-22,SZE_300173,12.987224838,13.07,0.0,31121.5,工业机械,58618.1
2016-01-25,SZE_300173,13.374754883,13.46,0.0,31121.5,工业机械,58618.1
2016-01-26,SZE_300173,12.033304728,12.11,0.0,31121.5,工业机械,58618.1
2016-01-27,SZE_300173,12.222101416,12.3,0.0,31121.5,工业机械,58618.1
2016-01-28,SZE_300173,11.635838015,11.71,0.0,31121.5,工业机械,58618.1
2016-01-29,SZE_300173,12.679188136,12.76,0.0,31121.5,工业机械,58618.1
2016-02-01,SZE_300173,13.11640152,13.2,0.0,31121.5,工业机械,58618.1
2016-02-02,SZE_300173,13.911334945,14.0,0.0,31121.5,工业机械,58618.1
2016-02-03,SZE_300173,14.129941637,14.22,0.0,31121.5,工业机械,58618.1
2016-02-04,SZE_300173,14.596965025,14.69,0.0,31121.5,工业机械,58618.1
2016-02-05,SZE_300173,14.746015042,14.84,0.0,31121.5,工业机械,58618.1
2016-02-15,SZE_300173,14.418105004,14.51,0.0,31121.5,工业机械,58618.1
2016-02-16,SZE_300173,14.954685066,15.05,0.0,31121.5,工业机械,58618.1
2016-02-17,SZE_300173,14.875191724,14.97,0.0,31121.5,工业机械,58618.1
2016-02-18,SZE_300173,14.706268371,14.8,0.0,31121.5,工业机械,58618.1
2016-02-19,SZE_300173,15.193165094,15.29,0.0,31121.5,工业机械,58618.1
2016-02-22,SZE_300173,15.252785101,15.35,0.0,31121.5,工业机械,58618.1
2016-02-23,SZE_300173,15.203101762,15.3,0.0,31121.5,工业机械,58618.1
2016-02-24,SZE_300173,14.785761713,14.88,0.0,31121.5,工业机械,58618.1
2016-02-25,SZE_300173,13.305198208,13.39,0.0,31121.5,工业机械,58618.1
2016-02-26,SZE_300173,13.275388205,13.36,0.0,31121.5,工业机械,58618.1
2016-02-29,SZE_300173,12.122734738,12.2,0.0,31121.5,工业机械,58618.1
2016-03-01,SZE_300173,12.520201451,12.6,0.0,31121.5,工业机械,58618.1
2016-03-02,SZE_300173,13.285324873,13.37,0.0,31121.5,工业机械,58618.1
2016-03-03,SZE_300173,13.404564887,13.49,0.0,31121.5,工业机械,58618.1
2016-03-04,SZE_300173,13.036908177,13.12,0.0,31121.5,工业机械,58618.1
2016-03-07,SZE_300173,13.474121561,13.56,0.0,31121.5,工业机械,58618.1
2016-03-08,SZE_300173,13.762284928,13.85,0.0,31121.5,工业机械,58618.1
2016-03-09,SZE_300173,13.215768198,13.3,0.0,31121.5,工业机械,58618.1
2016-03-10,SZE_300173,12.818301485,12.9,0.0,31121.5,工业机械,58618.1
2016-03-11,SZE_300173,12.79842815,12.88,0.0,31121.5,工业机械,58618.1
2016-03-14,SZE_300173,13.275388205,13.36,0.0,31121.5,工业机械,58618.1
2016-03-15,SZE_300173,12.957414835,13.04,0.0,31121.5,工业机械,58618.1
2016-03-16,SZE_300173,13.066718181,13.15,0.0,31121.5,工业机械,58618.1
2016-03-17,SZE_300173,13.593361575,13.68,0.0,31121.5,工业机械,58618.1
2016-03-18,SZE_300173,14.259118319,14.35,0.0,31121.5,工业机械,58618.1
2016-03-21,SZE_300173,14.507535014,14.6,0.0,31121.5,工业机械,58618.1
2016-03-22,SZE_300173,14.686395035,14.78,0.0,31121.5,工业机械,58618.1
2016-03-23,SZE_300173,14.636711696,14.73,0.0,31121.5,工业机械,58618.1
2016-03-24,SZE_300173,13.970954952,14.06,0.0,31121.5,工业机械,58618.1
2016-03-25,SZE_300173,14.388295001,14.48,0.0,31121.5,工业机械,58618.1
2016-03-28,SZE_300173,14.229308315,14.32,0.0,31121.5,工业机械,58618.1
2016-03-29,SZE_300173,14.090194966,14.18,0.0,31121.5,工业机械,58618.1
2016-03-30,SZE_300173,15.501201796,15.6,0.0,31121.5,工业机械,58618.1
2016-03-31,SZE_300173,15.93841518,16.04,0.0,31121.5,工业机械,58618.1
2016-04-01,SZE_300173,16.594235256,16.7,0.0,31121.5,工业机械,58618.1
2016-04-05,SZE_300173,16.574361921,16.68,0.0,31121.5,工业机械,58618.1
2016-04-06,SZE_300173,16.733348606,16.84,0.0,31121.5,工业机械,58618.1
2016-04-07,SZE_300173,15.918541845,16.02,0.0,31121.5,工业机械,58618.1
2016-04-08,SZE_300173,16.186831876,16.29,0.0,31121.5,工业机械,58618.1
2016-08-24,SZE_300173,17.810495627,17.88,0.0,31274.7,工业机械,58618.1
2016-08-25,SZE_300173,19.304664723,19.38,0.0,31274.7,工业机械,58618.1
2016-08-26,SZE_300173,18.228862974,18.3,0.0,31274.7,工业机械,58618.1
2016-08-29,SZE_300173,17.033527697,17.1,0.0,31274.7,工业机械,58618.1
2016-08-30,SZE_300173,16.973760933,17.04,0.0,31274.7,工业机械,58618.1
2016-08-31,SZE_300173,16.774538387,16.84,0.0,31274.7,工业机械,58618.1
2016-09-01,SZE_300173,16.625121477,16.69,0.0,31274.7,工业机械,58618.1
2016-09-02,SZE_300173,16.316326531,16.38,0.0,31274.7,工业机械,58618.1
2016-09-05,SZE_300173,16.435860058,16.5,0.0,31274.7,工业机械,58618.1
2016-09-06,SZE_300173,16.814382896,16.88,0.0,31274.7,工业机械,58618.1
2016-09-07,SZE_300173,17.023566569,17.09,0.0,31274.7,工业机械,58618.1
2016-09-08,SZE_300173,17.192905734,17.26,0.0,31274.7,工业机械,58618.1
2016-09-09,SZE_300173,16.884110787,16.95,0.0,31274.7,工业机械,58618.1
2016-09-12,SZE_300173,16.057337221,16.12,0.0,31274.7,工业机械,58618.1
2016-09-13,SZE_300173,16.057337221,16.12,0.0,31274.7,工业机械,58618.1
2016-09-14,SZE_300173,15.868075802,15.93,0.0,31274.7,工业机械,58618.1
2016-09-19,SZE_300173,16.107142857,16.17,0.0,31274.7,工业机械,58618.1
2016-09-20,SZE_300173,15.987609329,16.05,0.0,31274.7,工业机械,58618.1
2016-09-21,SZE_300173,16.037414966,16.1,0.0,31274.7,工业机械,58618.1
2016-09-22,SZE_300173,16.146987366,16.21,0.0,31274.7,工业机械,58618.1
2016-09-23,SZE_300173,16.366132167,16.43,0.0,31274.7,工业机械,58618.1
2016-09-26,SZE_300173,16.655004859,16.72,0.0,31274.7,工业机械,58618.1
2016-09-27,SZE_300173,17.143100097,17.21,0.0,31274.7,工业机械,58618.1
2016-09-28,SZE_300173,16.87414966,16.94,0.0,31274.7,工业机械,58618.1
2016-09-29,SZE_300173,17.083333333,17.15,0.0,31274.7,工业机械,58618.1
2016-09-30,SZE_300173,17.172983479,17.24,0.0,31274.7,工业机械,58618.1
2016-10-10,SZE_300173,17.252672498,17.32,0.0,31274.7,工业机械,58618.1
2016-10-11,SZE_300173,17.172983479,17.24,0.0,31274.7,工业机械,58618.1
2016-10-12,SZE_300173,17.013605442,17.08,0.0,31274.7,工业机械,58618.1
2016-10-13,SZE_300173,16.844266278,16.91,0.0,31274.7,工业机械,58618.1
2016-10-14,SZE_300173,16.923955296,16.99,0.0,31274.7,工业机械,58618.1
2016-10-17,SZE_300173,16.794460641,16.86,0.0,31274.7,工业机械,58618.1
2016-10-18,SZE_300173,16.904033042,16.97,0.0,31274.7,工业机械,58618.1
2016-10-19,SZE_300173,17.043488824,17.11,0.0,31274.7,工业机械,58618.1
2016-10-20,SZE_300173,16.884110787,16.95,0.0,31274.7,工业机械,58618.1
2016-10-21,SZE_300173,16.734693878,16.8,0.0,31274.7,工业机械,58618.1
2016-10-24,SZE_300173,16.744655005,16.81,0.0,31274.7,工业机械,58618.1
2016-10-25,SZE_300173,16.963799806,17.03,0.0,31274.7,工业机械,58618.1
2016-10-26,SZE_300173,18.109329446,18.18,0.0,31274.7,工业机械,58618.1
2016-10-27,SZE_300173,18.129251701,18.2,0.0,31274.7,工业机械,58618.1
2016-10-28,SZE_300173,18.557580175,18.63,0.0,31274.7,工业机械,58618.1
2016-10-31,SZE_300173,18.497813411,18.57,0.0,31274.7,工业机械,58618.1
2016-11-01,SZE_300173,18.467930029,18.54,0.0,31274.7,工业机械,58618.1
2016-11-02,SZE_300173,19.404275996,19.48,0.0,31274.7,工业机械,58618.1
2016-11-03,SZE_300173,19.703109815,19.78,0.0,31274.7,工业机械,58618.1
2016-11-04,SZE_300173,19.424198251,19.5,0.0,31274.7,工业机械,58618.1
2016-11-07,SZE_300173,19.533770651,19.61,0.0,31274.7,工业机械,58618.1
2016-11-08,SZE_300173,19.224975705,19.3,0.0,31274.7,工业机械,58618.1
2016-11-09,SZE_300173,19.075558795,19.15,0.0,31274.7,工业机械,58618.1
2016-11-10,SZE_300173,19.444120505,19.52,0.0,31274.7,工业机械,58618.1
2016-11-11,SZE_300173,18.826530612,18.9,0.0,31274.7,工业机械,58618.1
2016-11-14,SZE_300173,19.005830904,19.08,0.0,31274.7,工业机械,58618.1
2016-11-15,SZE_300173,19.812682216,19.89,0.0,31274.7,工业机械,58618.1
2016-11-16,SZE_300173,19.374392614,19.45,0.0,31274.7,工业机械,58618.1
2016-11-17,SZE_300173,19.732993197,19.81,0.0,31274.7,工业机械,58618.1
2016-11-18,SZE_300173,19.822643343,19.9,0.0,31274.7,工业机械,58618.1
2016-11-21,SZE_300173,20.629494655,20.71,0.0,31274.7,工业机械,58618.1
2016-11-22,SZE_300173,20.659378037,20.74,0.0,31274.7,工业机械,58618.1
2016-11-23,SZE_300173,20.420310982,20.5,0.0,31274.7,工业机械,58618.1
2016-11-24,SZE_300173,20.320699708,20.4,0.0,31274.7,工业机械,58618.1
2016-11-25,SZE_300173,20.211127308,20.29,0.0,31274.7,工业机械,58618.1
2016-11-28,SZE_300173,19.902332362,19.98,0.0,31274.7,工业机械,58618.1
2016-11-29,SZE_300173,20.071671526,20.15,0.0,31274.7,工业机械,58618.1
2016-11-30,SZE_300173,19.972060253,20.05,0.0,31274.7,工业机械,58618.1
2016-12-01,SZE_300173,19.693148688,19.77,0.0,31274.7,工业机械,58618.1
2016-12-02,SZE_300173,18.975947522,19.05,0.0,31274.7,工业机械,58618.1
2016-12-05,SZE_300173,18.926141885,19.0,0.0,31274.7,工业机械,58618.1
2016-12-06,SZE_300173,19.244897959,19.32,0.0,31274.7,工业机械,58618.1
2016-12-07,SZE_300173,19.57361516,19.65,0.0,31274.7,工业机械,58618.1
2016-12-08,SZE_300173,19.444120505,19.52,0.0,31274.7,工业机械,58618.1
2016-12-09,SZE_300173,18.906219631,18.98,0.0,31274.7,工业机械,58618.1
2016-12-12,SZE_300173,17.033527697,17.1,0.0,31274.7,工业机械,58618.1
2016-12-13,SZE_300173,16.784499514,16.85,0.0,31274.7,工业机械,58618.1
2016-12-14,SZE_300173,16.515549077,16.58,0.0,31274.7,工业机械,58618.1
2016-12-15,SZE_300173,16.535471331,16.6,0.0,31274.7,工业机械,58618.1
2016-12-16,SZE_300173,16.585276968,16.65,0.0,31274.7,工业机械,58618.1
2016-12-19,SZE_300173,16.286443149,16.35,0.0,31274.7,工业机械,58618.1
2016-12-20,SZE_300173,16.545432459,16.61,0.0,31274.7,工业机械,58618.1
2016-12-21,SZE_300173,16.694849368,16.76,0.0,31274.7,工业机械,58618.1
2016-12-22,SZE_300173,16.515549077,16.58,0.0,31274.7,工业机械,58618.1
2016-12-23,SZE_300173,16.236637512,16.3,0.0,31274.7,工业机械,58618.1
2016-12-26,SZE_300173,16.296404276,16.36,0.0,31274.7,工业机械,58618.1
2016-12-27,SZE_300173,16.535471331,16.6,0.0,31274.7,工业机械,58618.1
2016-12-28,SZE_300173,16.525510204,16.59,0.0,31274.7,工业机械,58618.1
2016-12-29,SZE_300173,16.366132167,16.43,0.0,31274.7,工业机械,58618.1
2016-12-30,SZE_300173,16.445821186,16.51,0.0,31274.7,工业机械,58618.1
2017-01-03,SZE_300173,16.933916424,17.0,0.0,31301.6,工业机械,58618.1
2017-01-04,SZE_300173,17.222789116,17.29,0.0,31301.6,工业机械,58618.1
2017-01-05,SZE_300173,17.123177843,17.19,0.0,31301.6,工业机械,58618.1
2017-01-06,SZE_300173,17.033527697,17.1,0.0,31301.6,工业机械,58618.1
2017-01-09,SZE_300173,16.923955296,16.99,0.0,31301.6,工业机械,58618.1
2017-01-10,SZE_300173,16.505587949,16.57,0.0,31301.6,工业机械,58618.1
2017-01-11,SZE_300173,16.754616132,16.82,0.0,31301.6,工业机械,58618.1
2017-01-12,SZE_300173,16.595238095,16.66,0.0,31301.6,工业机械,58618.1
2017-01-13,SZE_300173,16.515549077,16.58,0.0,31301.6,工业机械,58618.1
2017-01-16,SZE_300173,14.991496599,15.05,0.0,31301.6,工业机械,58618.1
2017-01-17,SZE_300173,15.180758017,15.24,0.0,31301.6,工业机械,58618.1
2017-01-18,SZE_300173,14.832118562,14.89,0.0,31301.6,工业机械,58618.1
2017-01-19,SZE_300173,14.642857143,14.7,0.0,31301.6,工业机械,58618.1
2017-01-20,SZE_300173,15.011418853,15.07,0.0,31301.6,工业机械,58618.1
2017-01-23,SZE_300173,15.389941691,15.45,0.0,31301.6,工业机械,58618.1
2017-01-24,SZE_300173,15.419825073,15.48,0.0,31301.6,工业机械,58618.1
2017-01-25,SZE_300173,15.419825073,15.48,0.0,31301.6,工业机械,58618.1
2017-01-26,SZE_300173,15.619047619,15.68,0.0,31301.6,工业机械,58618.1
2017-02-03,SZE_300173,15.569241983,15.63,0.0,31301.6,工业机械,58618.1
2017-02-06,SZE_300173,15.569241983,15.63,0.0,31301.6,工业机械,58618.1
2017-02-07,SZE_300173,15.4297862,15.49,0.0,31301.6,工业机械,58618.1
2017-02-08,SZE_300173,15.629008746,15.69,0.0,31301.6,工业机械,58618.1
2017-02-09,SZE_300173,15.738581147,15.8,0.0,31301.6,工业机械,58618.1
2017-02-10,SZE_300173,15.788386783,15.85,0.0,31301.6,工业机械,58618.1
2017-02-13,SZE_300173,16.605199223,16.67,0.0,31301.6,工业机械,58618.1
2017-02-14,SZE_300173,16.146987366,16.21,0.0,31301.6,工业机械,58618.1
2017-02-15,SZE_300173,15.957725948,16.02,0.0,31301.6,工业机械,58618.1
2017-02-16,SZE_300173,15.997570457,16.06,0.0,31301.6,工业机械,58618.1
2017-02-17,SZE_300173,15.549319728,15.61,0.0,31301.6,工业机械,58618.1
2017-02-20,SZE_300173,15.619047619,15.68,0.0,31301.6,工业机械,58618.1
2017-02-21,SZE_300173,15.848153547,15.91,0.0,31301.6,工业机械,58618.1
2017-02-22,SZE_300173,15.917881438,15.98,0.0,31301.6,工业机械,58618.1
2017-02-23,SZE_300173,16.117103984,16.18,0.0,31301.6,工业机械,58618.1
2017-02-24,SZE_300173,16.077259475,16.14,0.0,31301.6,工业机械,58618.1
2017-02-27,SZE_300173,15.638969874,15.7,0.0,31301.6,工业机械,58618.1
2017-02-28,SZE_300173,15.758503401,15.82,0.0,31301.6,工业机械,58618.1
2017-03-01,SZE_300173,15.708697765,15.77,0.0,31301.6,工业机械,58618.1
2017-03-02,SZE_300173,16.087220603,16.15,0.0,31301.6,工业机械,58618.1
2017-03-03,SZE_300173,15.987609329,16.05,0.0,31301.6,工业机械,58618.1
2017-03-06,SZE_300173,16.186831876,16.25,0.0,31301.6,工业机械,58618.1
2017-03-07,SZE_300173,16.764577259,16.83,0.0,31301.6,工业机械,58618.1
2017-03-08,SZE_300173,16.346209913,16.41,0.0,31301.6,工业机械,58618.1
2017-03-09,SZE_300173,16.286443149,16.35,0.0,31301.6,工业机械,58618.1
2017-03-10,SZE_300173,16.127065112,16.19,0.0,31301.6,工业机械,58618.1
2017-03-13,SZE_300173,16.186831876,16.25,0.0,31301.6,工业机械,58618.1
2017-03-14,SZE_300173,16.20675413,16.27,0.0,31301.6,工业机械,58618.1
2017-03-15,SZE_300173,15.937803693,16.0,0.0,31301.6,工业机械,58618.1
2017-03-16,SZE_300173,16.256559767,16.32,0.0,31301.6,工业机械,58618.1
2017-03-17,SZE_300173,16.107142857,16.17,0.0,31301.6,工业机械,58618.1
2017-03-20,SZE_300173,16.196793003,16.26,0.0,31301.6,工业机械,58618.1
2017-03-21,SZE_300173,16.316326531,16.38,0.0,31301.6,工业机械,58618.1
2017-03-22,SZE_300173,16.306365403,16.37,0.0,31301.6,工业机械,58618.1
2017-03-23,SZE_300173,16.376093294,16.44,0.0,31301.6,工业机械,58618.1
2017-03-24,SZE_300173,16.913994169,16.98,0.0,31301.6,工业机械,58618.1
2017-03-27,SZE_300173,16.704810496,16.77,0.0,31301.6,工业机械,58618.1
2017-03-28,SZE_300173,16.475704568,16.54,0.0,31301.6,工业机械,58618.1
2017-03-29,SZE_300173,16.306365403,16.37,0.0,31301.6,工业机械,58618.1
2017-03-30,SZE_300173,15.619047619,15.68,0.0,31301.6,工业机械,58618.1
2017-03-31,SZE_300173,15.180758017,15.24,0.0,31301.6,工业机械,58618.1
2017-04-05,SZE_300173,15.569241983,15.63,0.0,31301.6,工业机械,58618.1
2017-04-06,SZE_300173,15.708697765,15.77,0.0,31301.6,工业机械,58618.1
2017-04-07,SZE_300173,15.260447036,15.32,0.0,31301.6,工业机械,58618.1
2017-04-10,SZE_300173,14.39382896,14.45,0.0,31301.6,工业机械,58618.1
2017-04-11,SZE_300173,14.274295432,14.33,0.0,31301.6,工业机械,58618.1
2017-04-12,SZE_300173,14.632896016,14.69,0.0,31301.6,工业机械,58618.1
2017-04-13,SZE_300173,14.632896016,14.69,0.0,31301.6,工业机械,58618.1
2017-04-14,SZE_300173,14.383867833,14.44,0.0,31301.6,工业机械,58618.1
2017-04-17,SZE_300173,14.075072886,14.13,0.0,31301.6,工业机械,58618.1
2017-04-18,SZE_300173,13.567055394,13.62,0.0,31301.6,工业机械,58618.1
2017-04-19,SZE_300173,13.24829932,13.3,0.0,31301.6,工业机械,58618.1
2017-04-20,SZE_300173,12.9494655,13.0,0.0,31301.6,工业机械,58618.1
2017-04-21,SZE_300173,12.899659864,12.95,0.0,31301.6,工业机械,58618.1
2017-04-24,SZE_300173,12.341836735,12.39,0.0,31301.6,工业机械,58618.1
2017-04-25,SZE_300173,12.451409135,12.5,0.0,31301.6,工业机械,58618.1
2017-04-26,SZE_300173,12.351797862,12.4,0.0,31301.6,工业机械,58618.1
2017-04-27,SZE_300173,12.451409135,12.5,0.0,31301.6,工业机械,58618.1
2017-04-28,SZE_300173,12.560981535,12.61,0.0,31301.6,工业机械,58618.1
2017-05-02,SZE_300173,12.630709427,12.68,0.0,31301.6,工业机械,58618.1
2017-05-03,SZE_300173,12.511175899,12.56,0.0,31301.6,工业机械,58618.1
2017-05-04,SZE_300173,12.252186589,12.3,0.0,31301.6,工业机械,58618.1
2017-05-05,SZE_300173,12.501214772,12.55,0.0,31301.6,工业机械,58618.1
2017-05-08,SZE_300173,12.252186589,12.3,0.0,31301.6,工业机械,58618.1
2017-05-09,SZE_300173,12.381681244,12.43,0.0,31301.6,工业机械,58618.1
2017-05-10,SZE_300173,12.102769679,12.15,0.0,31301.6,工业机械,58618.1
2017-05-11,SZE_300173,12.152575316,12.2,0.0,31301.6,工业机械,58618.1
2017-05-12,SZE_300173,12.182458698,12.23,0.0,31301.6,工业机械,58618.1
2017-05-15,SZE_300173,12.182458698,12.23,0.0,31301.6,工业机械,58618.1
2017-05-16,SZE_300173,12.600826045,12.65,0.0,31301.6,工业机械,58618.1
2017-05-17,SZE_300173,13.178571429,13.23,0.0,31301.6,工业机械,58618.1
2017-05-18,SZE_300173,12.700437318,12.75,0.0,31301.6,工业机械,58618.1
2017-05-19,SZE_300173,12.760204082,12.81,0.0,31301.6,工业机械,58618.1
2017-05-22,SZE_300173,12.202380952,12.25,0.0,31301.6,工业机械,58618.1
2017-05-23,SZE_300173,12.072886297,12.12,0.0,31301.6,工业机械,58618.1
2017-05-24,SZE_300173,11.973275024,12.02,0.0,31301.6,工业机械,58618.1
2017-05-25,SZE_300173,12.033041788,12.08,0.0,31301.6,工业机械,58618.1
2017-05-26,SZE_300173,11.893586006,11.94,0.0,31301.6,工业机械,58618.1
2017-05-31,SZE_300173,11.883624879,11.93,0.0,31301.6,工业机械,58618.1
2017-06-01,SZE_300173,11.833819242,11.88,0.0,31301.6,工业机械,58618.1
2017-06-02,SZE_300173,11.833819242,11.88,0.0,31301.6,工业机械,58618.1
2017-06-05,SZE_300173,12.202380952,12.25,0.0,31301.6,工业机械,58618.1
2017-06-06,SZE_300173,13.427599611,13.48,0.0,31301.6,工业机械,58618.1
2017-06-07,SZE_300173,13.497327502,13.55,0.0,31301.6,工业机械,58618.1
2017-06-08,SZE_300173,13.049076774,13.1,0.0,31301.6,工业机械,58618.1
2017-06-09,SZE_300173,12.909620991,12.96,0.0,31301.6,工业机械,58618.1
2017-06-12,SZE_300173,12.899659864,12.95,0.0,31301.6,工业机械,58618.1
2017-06-13,SZE_300173,12.869776482,12.92,0.0,31301.6,工业机械,58618.1
2017-06-14,SZE_300173,12.8398931,12.89,0.0,31301.6,工业机械,58618.1
2017-06-15,SZE_300173,12.800048591,12.85,0.0,31301.6,工业机械,58618.1
2017-06-16,SZE_300173,12.570942663,12.62,0.0,31301.6,工业机械,58618.1
2017-06-19,SZE_300173,12.590864917,12.64,0.0,31301.6,工业机械,58618.1
2017-06-20,SZE_300173,12.481292517,12.53,0.0,31301.6,工业机械,58618.1
2017-06-21,SZE_300173,12.7303207,12.78,0.0,31301.6,工业机械,58618.1
2017-06-22,SZE_300173,12.232264334,12.28,0.0,31301.6,工业机械,58618.1
2017-06-23,SZE_300173,11.80393586,11.85,0.0,31301.6,工业机械,58618.1
2017-06-26,SZE_300173,11.853741497,11.9,0.0,31301.6,工业机械,58618.1
2017-06-27,SZE_300173,11.744169096,11.79,0.0,31301.6,工业机械,58618.1
2017-06-28,SZE_300173,11.54494655,11.59,0.0,31301.6,工业机械,58618.1
2017-06-29,SZE_300173,11.634596696,11.68,0.0,31301.6,工业机械,58618.1
2017-06-30,SZE_300173,11.843780369,11.89,0.0,32696.1,工业机械,58618.1
2017-07-03,SZE_300173,11.993197279,12.04,0.0,32696.1,工业机械,58618.1
2017-07-04,SZE_300173,12.033041788,12.08,0.0,32696.1,工业机械,58618.1
2017-07-05,SZE_300173,12.112730807,12.16,0.0,32696.1,工业机械,58618.1
2017-07-06,SZE_300173,11.963313897,12.01,0.0,32696.1,工业机械,58618.1
2017-07-07,SZE_300173,11.853741497,11.9,0.0,32696.1,工业机械,58618.1
2017-07-10,SZE_300173,11.754130224,11.8,0.0,32696.1,工业机械,58618.1
2017-07-11,SZE_300173,11.584791059,11.63,0.0,32696.1,工业机械,58618.1
2017-07-12,SZE_300173,11.714285714,11.76,0.0,32696.1,工业机械,58618.1
2017-07-13,SZE_300173,11.604713314,11.65,0.0,32696.1,工业机械,58618.1
2017-07-14,SZE_300173,11.375607386,11.42,0.0,32696.1,工业机械,58618.1
2017-07-17,SZE_300173,10.240038873,10.28,0.0,32696.1,工业机械,58618.1
2017-07-18,SZE_300173,10.060738581,10.1,0.0,32696.1,工业机械,58618.1
2017-07-19,SZE_300173,10.180272109,10.22,0.0,32696.1,工业机械,58618.1
2017-07-20,SZE_300173,10.050777454,10.09,0.0,32696.1,工业机械,58618.1
2017-07-21,SZE_300173,10.10058309,10.14,0.0,32696.1,工业机械,58618.1
2017-07-24,SZE_300173,10.269922255,10.31,0.0,32696.1,工业机械,58618.1
2017-07-25,SZE_300173,10.25,10.29,0.0,32696.1,工业机械,58618.1
2017-07-26,SZE_300173,10.25,10.29,0.0,32696.1,工业机械,58618.1
2017-07-27,SZE_300173,10.62,10.62,0.0,32696.1,工业机械,58618.1
2017-07-28,SZE_300173,10.4,10.4,0.0,32696.1,工业机械,58618.1
2017-07-31,SZE_300173,10.34,10.34,0.0,32696.1,工业机械,58618.1
2017-08-01,SZE_300173,10.4,10.4,0.0,32696.1,工业机械,58618.1
2017-08-02,SZE_300173,10.15,10.15,0.0,32696.1,工业机械,58618.1
2017-08-03,SZE_300173,10.21,10.21,0.0,32696.1,工业机械,58618.1
2017-08-04,SZE_300173,10.15,10.15,0.0,32696.1,工业机械,58618.1
2017-08-07,SZE_300173,10.18,10.18,0.0,32696.1,工业机械,58618.1
2017-08-08,SZE_300173,10.4,10.4,0.0,32696.1,工业机械,58618.1
2017-08-09,SZE_300173,10.76,10.76,0.0,32696.1,工业机械,58618.1
2017-08-10,SZE_300173,11.6,11.6,0.0,32696.1,工业机械,58618.1
2017-08-11,SZE_300173,11.35,11.35,0.0,32696.1,工业机械,58618.1
2017-08-14,SZE_300173,11.4,11.4,0.0,32696.1,工业机械,58618.1
2017-08-15,SZE_300173,11.08,11.08,0.0,32696.1,工业机械,58618.1
2017-08-16,SZE_300173,11.06,11.06,0.0,32696.1,工业机械,58618.1
2017-08-17,SZE_300173,11.26,11.26,0.0,32696.1,工业机械,58618.1
2017-08-18,SZE_300173,11.0,11.0,0.0,32696.1,工业机械,58618.1
2017-08-21,SZE_300173,11.13,11.13,0.0,32696.1,工业机械,58618.1
2017-08-22,SZE_300173,10.93,10.93,0.0,32696.1,工业机械,58618.1
2017-08-23,SZE_300173,10.94,10.94,0.0,32696.1,工业机械,58618.1
2017-08-24,SZE_300173,10.81,10.81,0.0,32696.1,工业机械,58618.1
2017-08-25,SZE_300173,10.94,10.94,0.0,32696.1,工业机械,58618.1
2017-08-28,SZE_300173,11.07,11.07,0.0,32696.1,工业机械,58618.1
2017-08-29,SZE_300173,10.86,10.86,0.0,32696.1,工业机械,58618.1
2017-08-30,SZE_300173,10.85,10.85,0.0,32696.1,工业机械,58618.1
2017-08-31,SZE_300173,10.82,10.82,0.0,32696.1,工业机械,58618.1
2017-09-01,SZE_300173,10.97,10.97,0.0,32696.1,工业机械,58618.1
2017-09-04,SZE_300173,11.5,11.5,0.0,32696.1,工业机械,58618.1
2017-09-05,SZE_300173,11.52,11.52,0.0,32696.1,工业机械,58618.1
2017-09-06,SZE_300173,11.6,11.6,0.0,32696.1,工业机械,58618.1
2017-09-07,SZE_300173,11.33,11.33,0.0,32696.1,工业机械,58618.1
2017-09-08,SZE_300173,11.41,11.41,0.0,32696.1,工业机械,58618.1
2017-09-11,SZE_300173,11.57,11.57,0.0,32696.1,工业机械,58618.1
2017-09-12,SZE_300173,11.48,11.48,0.0,32696.1,工业机械,58618.1
2017-09-13,SZE_300173,11.37,11.37,0.0,32696.1,工业机械,58618.1
2017-09-14,SZE_300173,11.13,11.13,0.0,32696.1,工业机械,58618.1
2017-09-15,SZE_300173,11.25,11.25,0.0,32696.1,工业机械,58618.1
2017-09-18,SZE_300173,11.31,11.31,0.0,32696.1,工业机械,58618.1
2017-09-19,SZE_300173,11.48,11.48,0.0,32696.1,工业机械,58618.1
2017-09-20,SZE_300173,11.62,11.62,0.0,32696.1,工业机械,58618.1
2017-09-21,SZE_300173,11.42,11.42,0.0,32696.1,工业机械,58618.1
2017-09-22,SZE_300173,11.26,11.26,0.0,32696.1,工业机械,58618.1
2017-09-25,SZE_300173,11.15,11.15,0.0,32696.1,工业机械,58618.1
2017-09-26,SZE_300173,11.15,11.15,0.0,32696.1,工业机械,58618.1
2017-09-27,SZE_300173,11.16,11.16,0.0,32696.1,工业机械,58618.1
2017-09-28,SZE_300173,11.15,11.15,0.0,32696.1,工业机械,58618.1
2017-09-29,SZE_300173,11.72,11.72,0.0,32696.1,工业机械,58618.1
2017-10-09,SZE_300173,11.73,11.73,0.0,32696.1,工业机械,58618.1
2017-10-10,SZE_300173,11.92,11.92,0.0,32696.1,工业机械,58618.1
2017-10-11,SZE_300173,12.19,12.19,0.0,32696.1,工业机械,58618.1
2017-10-12,SZE_300173,11.98,11.98,0.0,32696.1,工业机械,58618.1
2017-10-13,SZE_300173,11.91,11.91,0.0,32696.1,工业机械,58618.1
2017-10-16,SZE_300173,11.35,11.35,0.0,32696.1,工业机械,58618.1
2017-10-17,SZE_300173,11.38,11.38,0.0,32696.1,工业机械,58618.1
2017-10-18,SZE_300173,11.55,11.55,0.0,32696.1,工业机械,58618.1
2017-10-19,SZE_300173,12.3,12.3,0.0,32696.1,工业机械,58618.1
2017-10-20,SZE_300173,12.31,12.31,0.0,32696.1,工业机械,58618.1
2017-10-23,SZE_300173,12.35,12.35,0.0,32696.1,工业机械,58618.1
2017-10-24,SZE_300173,12.1,12.1,0.0,32696.1,工业机械,58618.1
2017-10-25,SZE_300173,11.98,11.98,0.0,32696.1,工业机械,58618.1
2017-10-26,SZE_300173,11.86,11.86,0.0,32696.1,工业机械,58618.1
2017-10-27,SZE_300173,11.8,11.8,0.0,32696.1,工业机械,58618.1
2017-10-30,SZE_300173,10.62,10.62,0.0,32696.1,工业机械,58618.1
2017-10-31,SZE_300173,10.48,10.48,0.0,32696.1,工业机械,58618.1
2017-11-01,SZE_300173,10.3,10.3,0.0,32696.1,工业机械,58618.1
2017-11-02,SZE_300173,10.06,10.06,0.0,32696.1,工业机械,58618.1
2017-11-03,SZE_300173,10.2,10.2,0.0,32696.1,工业机械,58618.1
2017-11-06,SZE_300173,10.3,10.3,0.0,32696.1,工业机械,58618.1
2017-11-07,SZE_300173,10.26,10.26,0.0,32696.1,工业机械,58618.1
