Date,Code,AdjClose,Close,ST,FreeFloatA,Industry,TotalShare
2010-10-21,SZE_002489,3.6775025166,40.11,0.0,4800.0,家居用品,24000.0
2010-10-22,SZE_002489,3.9708958861,43.31,0.0,4800.0,家居用品,24000.0
2010-10-25,SZE_002489,3.8407025784,41.89,0.0,4800.0,家居用品,24000.0
2010-10-26,SZE_002489,3.7334306276,40.72,0.0,4800.0,家居用品,24000.0
2010-10-27,SZE_002489,3.7481002961,40.88,0.0,4800.0,家居用品,24000.0
2010-10-28,SZE_002489,3.6628328481,39.95,0.0,4800.0,家居用品,24000.0
2010-10-29,SZE_002489,3.6738350994,40.07,0.0,4800.0,家居用品,24000.0
2010-11-01,SZE_002489,3.7315969191,40.7,0.0,4800.0,家居用品,24000.0
2010-11-02,SZE_002489,3.6490800339,39.8,0.0,4800.0,家居用品,24000.0
2010-11-03,SZE_002489,3.5482260631,38.7,0.0,4800.0,家居用品,24000.0
2010-11-04,SZE_002489,3.5803159629,39.05,0.0,4800.0,家居用品,24000.0
2010-11-05,SZE_002489,3.6426620539,39.73,0.0,4800.0,家居用品,24000.0
2010-11-08,SZE_002489,3.6701676823,40.03,0.0,4800.0,家居用品,24000.0
2010-11-09,SZE_002489,3.7325137733,40.71,0.0,4800.0,家居用品,24000.0
2010-11-10,SZE_002489,3.7077587078,40.44,0.0,4800.0,家居用品,24000.0
2010-11-11,SZE_002489,3.652747451,39.84,0.0,4800.0,家居用品,24000.0
2010-11-12,SZE_002489,3.4858799721,38.02,0.0,4800.0,家居用品,24000.0
2010-11-15,SZE_002489,3.5436417917,38.65,0.0,4800.0,家居用品,24000.0
2010-11-16,SZE_002489,3.4932148063,38.1,0.0,4800.0,家居用品,24000.0
2010-11-17,SZE_002489,3.4712103036,37.86,0.0,4800.0,家居用品,24000.0
2010-11-18,SZE_002489,3.5280552689,38.48,0.0,4800.0,家居用品,24000.0
2010-11-19,SZE_002489,3.5482260631,38.7,0.0,4800.0,家居用品,24000.0
2010-11-22,SZE_002489,3.5592283145,38.82,0.0,4800.0,家居用品,24000.0
2010-11-23,SZE_002489,3.5344732489,38.55,0.0,4800.0,家居用品,24000.0
2010-11-24,SZE_002489,3.5959024856,39.22,0.0,4800.0,家居用品,24000.0
2010-11-25,SZE_002489,3.58398338,39.09,0.0,4800.0,家居用品,24000.0
2010-11-26,SZE_002489,3.5693137115,38.93,0.0,4800.0,家居用品,24000.0
2010-11-29,SZE_002489,3.5812328172,39.06,0.0,4800.0,家居用品,24000.0
2010-11-30,SZE_002489,3.5051339119,38.23,0.0,4800.0,家居用品,24000.0
2010-12-01,SZE_002489,3.5207204347,38.4,0.0,4800.0,家居用品,24000.0
2010-12-03,SZE_002489,3.6380777825,39.68,0.0,4800.0,家居用品,24000.0
2010-12-06,SZE_002489,3.5408912289,38.62,0.0,4800.0,家居用品,24000.0
2010-12-07,SZE_002489,3.5665631487,38.9,0.0,4800.0,家居用品,24000.0
2010-12-08,SZE_002489,3.521637289,38.41,0.0,4800.0,家居用品,24000.0
2010-12-09,SZE_002489,3.4840462635,38.0,0.0,4800.0,家居用品,24000.0
2010-12-10,SZE_002489,3.5298889775,38.5,0.0,4800.0,家居用品,24000.0
2010-12-13,SZE_002489,3.5849002343,39.1,0.0,4800.0,家居用品,24000.0
2010-12-14,SZE_002489,3.7013407278,40.37,0.0,4800.0,家居用品,24000.0
2010-12-15,SZE_002489,3.6344103654,39.64,0.0,4800.0,家居用品,24000.0
2010-12-16,SZE_002489,3.6454126168,39.76,0.0,4800.0,家居用品,24000.0
2010-12-17,SZE_002489,3.6839204965,40.18,0.0,4800.0,家居用品,24000.0
2010-12-20,SZE_002489,3.5885676514,39.14,0.0,4800.0,家居用品,24000.0
2010-12-21,SZE_002489,3.6600822852,39.92,0.0,4800.0,家居用品,24000.0
2010-12-22,SZE_002489,3.6655834109,39.98,0.0,4800.0,家居用品,24000.0
2010-12-23,SZE_002489,3.6729182452,40.06,0.0,4800.0,家居用品,24000.0
2010-12-24,SZE_002489,3.5353901032,38.56,0.0,4800.0,家居用品,24000.0
2010-12-27,SZE_002489,3.4592911979,37.73,0.0,4800.0,家居用品,24000.0
2010-12-28,SZE_002489,3.4702934493,37.85,0.0,4800.0,家居用品,24000.0
2010-12-29,SZE_002489,3.475794575,37.91,0.0,4800.0,家居用品,24000.0
2010-12-30,SZE_002489,3.4207833182,37.31,0.0,4800.0,家居用品,24000.0
2010-12-31,SZE_002489,3.475794575,37.91,0.0,4800.0,家居用品,24000.0
2011-01-04,SZE_002489,3.5133856005,38.32,0.0,4800.0,家居用品,24000.0
2011-01-05,SZE_002489,3.5042170577,38.22,0.0,4800.0,家居用品,24000.0
2011-01-06,SZE_002489,3.4611249065,37.75,0.0,4800.0,家居用品,24000.0
2011-01-07,SZE_002489,3.4565406351,37.7,0.0,4800.0,家居用品,24000.0
2011-01-10,SZE_002489,3.413448484,37.23,0.0,4800.0,家居用品,24000.0
2011-01-11,SZE_002489,3.3740237499,36.8,0.0,4800.0,家居用品,24000.0
2011-01-12,SZE_002489,3.3456012672,36.49,0.0,4800.0,家居用品,24000.0
2011-01-13,SZE_002489,3.3501855386,36.54,0.0,4800.0,家居用品,24000.0
2011-01-14,SZE_002489,3.2594169649,35.55,0.0,4800.0,家居用品,24000.0
2011-01-17,SZE_002489,3.1008011745,33.82,0.0,4800.0,家居用品,24000.0
2011-01-18,SZE_002489,3.1035517374,33.85,0.0,4800.0,家居用品,24000.0
2011-01-19,SZE_002489,3.1438933257,34.29,0.0,4800.0,家居用品,24000.0
2011-01-20,SZE_002489,3.0256191236,33.0,0.0,4800.0,家居用品,24000.0
2011-01-21,SZE_002489,3.0888820689,33.69,0.0,6000.0,家居用品,24000.0
2011-01-24,SZE_002489,2.977942701,32.48,0.0,6000.0,家居用品,24000.0
2011-01-25,SZE_002489,2.9210977357,31.86,0.0,6000.0,家居用品,24000.0
2011-01-26,SZE_002489,2.9339336956,32.0,0.0,6000.0,家居用品,24000.0
2011-01-27,SZE_002489,2.9632730325,32.32,0.0,6000.0,家居用品,24000.0
2011-01-28,SZE_002489,2.9706078668,32.4,0.0,6000.0,家居用品,24000.0
2011-01-31,SZE_002489,3.1081360088,33.9,0.0,6000.0,家居用品,24000.0
2011-02-01,SZE_002489,3.121888823,34.05,0.0,6000.0,家居用品,24000.0
2011-02-09,SZE_002489,3.0677944204,33.46,0.0,6000.0,家居用品,24000.0
2011-02-10,SZE_002489,3.1292236572,34.13,0.0,6000.0,家居用品,24000.0
2011-02-11,SZE_002489,3.2456641507,35.4,0.0,6000.0,家居用品,24000.0
2011-02-14,SZE_002489,3.2832551762,35.81,0.0,6000.0,家居用品,24000.0
2011-02-15,SZE_002489,3.2364956079,35.3,0.0,6000.0,家居用品,24000.0
2011-02-16,SZE_002489,3.2731697791,35.7,0.0,6000.0,家居用品,24000.0
2011-02-17,SZE_002489,3.2933405733,35.92,0.0,6000.0,家居用品,24000.0
2011-02-18,SZE_002489,3.1915697482,34.81,0.0,6000.0,家居用品,24000.0
2011-02-21,SZE_002489,3.2282439194,35.21,0.0,6000.0,家居用品,24000.0
2011-02-22,SZE_002489,3.1283068029,34.12,0.0,6000.0,家居用品,24000.0
2011-02-23,SZE_002489,3.1429764714,34.28,0.0,6000.0,家居用品,24000.0
2011-02-24,SZE_002489,3.1457270342,34.31,0.0,6000.0,家居用品,24000.0
2011-02-25,SZE_002489,3.2099068338,35.01,0.0,6000.0,家居用品,24000.0
2011-02-28,SZE_002489,3.252998985,35.48,0.0,6000.0,家居用品,24000.0
2011-03-01,SZE_002489,3.2099068338,35.01,0.0,6000.0,家居用品,24000.0
2011-03-02,SZE_002489,3.1943203111,34.84,0.0,6000.0,家居用品,24000.0
2011-03-03,SZE_002489,3.1044685916,33.86,0.0,6000.0,家居用品,24000.0
2011-03-04,SZE_002489,3.1264730944,34.1,0.0,6000.0,家居用品,24000.0
2011-03-07,SZE_002489,3.1759832255,34.64,0.0,6000.0,家居用品,24000.0
2011-03-08,SZE_002489,3.2484147136,35.43,0.0,6000.0,家居用品,24000.0
2011-03-09,SZE_002489,3.2080731253,34.99,0.0,6000.0,家居用品,24000.0
2011-03-10,SZE_002489,3.2080731253,34.99,0.0,6000.0,家居用品,24000.0
2011-03-11,SZE_002489,3.223659648,35.16,0.0,6000.0,家居用品,24000.0
2011-03-14,SZE_002489,3.2979248447,35.97,0.0,6000.0,家居用品,24000.0
2011-03-15,SZE_002489,3.2355787537,35.29,0.0,6000.0,家居用品,24000.0
2011-03-16,SZE_002489,3.3666889157,36.72,0.0,6000.0,家居用品,24000.0
2011-03-17,SZE_002489,3.2997585532,35.99,0.0,6000.0,家居用品,24000.0
2011-03-18,SZE_002489,3.2594169649,35.55,0.0,6000.0,家居用品,24000.0
2011-03-21,SZE_002489,3.1576461399,34.44,0.0,6000.0,家居用品,24000.0
2011-03-22,SZE_002489,3.1539787227,34.4,0.0,6000.0,家居用品,24000.0
2011-03-23,SZE_002489,3.1530618685,34.39,0.0,6000.0,家居用品,24000.0
2011-03-24,SZE_002489,3.1328910743,34.17,0.0,6000.0,家居用品,24000.0
2011-03-25,SZE_002489,3.1539787227,34.4,0.0,6000.0,家居用品,24000.0
2011-03-28,SZE_002489,3.0934663403,33.74,0.0,6000.0,家居用品,24000.0
2011-03-29,SZE_002489,3.0503741891,33.27,0.0,6000.0,家居用品,24000.0
2011-03-30,SZE_002489,3.0201179979,32.94,0.0,6000.0,家居用品,24000.0
2011-03-31,SZE_002489,2.9871112438,32.58,0.0,6000.0,家居用品,24000.0
2011-04-01,SZE_002489,3.0412056463,33.17,0.0,6000.0,家居用品,24000.0
2011-04-06,SZE_002489,3.023785415,32.98,0.0,6000.0,家居用品,24000.0
2011-04-07,SZE_002489,3.063210149,33.41,0.0,6000.0,家居用品,24000.0
2011-04-08,SZE_002489,3.1539787227,34.4,0.0,6000.0,家居用品,24000.0
2011-04-11,SZE_002489,3.0778798175,33.57,0.0,6000.0,家居用品,24000.0
2011-04-12,SZE_002489,3.0347876664,33.1,0.0,6000.0,家居用品,24000.0
2011-04-13,SZE_002489,3.0622932948,33.4,0.0,6000.0,家居用品,24000.0
2011-04-14,SZE_002489,3.0375382292,33.13,0.0,6000.0,家居用品,24000.0
2011-04-18,SZE_002489,3.0412056463,33.17,0.0,6000.0,家居用品,24000.0
2011-04-19,SZE_002489,2.9706078668,32.4,0.0,6000.0,家居用品,24000.0
2011-04-20,SZE_002489,3.0054483294,32.78,0.0,6000.0,家居用品,24000.0
2011-04-21,SZE_002489,3.063210149,33.41,0.0,6000.0,家居用品,24000.0
2011-04-22,SZE_002489,3.0815472346,33.61,0.0,6000.0,家居用品,24000.0
2011-04-25,SZE_002489,3.0311202492,33.06,0.0,6000.0,家居用品,24000.0
2011-04-26,SZE_002489,2.9962797866,32.68,0.0,6000.0,家居用品,24000.0
2011-04-27,SZE_002489,3.1860686225,34.75,0.0,6000.0,家居用品,24000.0
2011-04-28,SZE_002489,2.9849922917,31.62,0.0,6000.0,家居用品,24000.0
2011-04-29,SZE_002489,3.025585166,32.05,0.0,6000.0,家居用品,24000.0
2011-05-03,SZE_002489,3.0444655727,32.25,0.0,6000.0,家居用品,24000.0
2011-05-04,SZE_002489,2.9812162104,31.58,0.0,6000.0,家居用品,24000.0
2011-05-05,SZE_002489,3.0104808407,31.89,0.0,6000.0,家居用品,24000.0
2011-05-06,SZE_002489,3.068066081,32.5,0.0,6000.0,家居用品,24000.0
2011-05-09,SZE_002489,3.0746742233,32.57,0.0,6000.0,家居用品,24000.0
2011-05-10,SZE_002489,3.0841144266,32.67,0.0,6000.0,家居用品,24000.0
2011-05-11,SZE_002489,3.1171551383,33.02,0.0,6000.0,家居用品,24000.0
2011-05-12,SZE_002489,3.0321933083,32.12,0.0,6000.0,家居用品,24000.0
2011-05-13,SZE_002489,3.0671220606,32.49,0.0,6000.0,家居用品,24000.0
2011-05-16,SZE_002489,3.1058268943,32.9,0.0,6000.0,家居用品,24000.0
2011-05-17,SZE_002489,3.1520838906,33.39,0.0,6000.0,家居用品,24000.0
2011-05-18,SZE_002489,3.1454757482,33.32,0.0,6000.0,家居用品,24000.0
2011-05-19,SZE_002489,3.1133790569,32.98,0.0,6000.0,家居用品,24000.0
2011-05-20,SZE_002489,3.1124350366,32.97,0.0,6000.0,家居用品,24000.0
2011-05-23,SZE_002489,2.9783841494,31.55,0.0,6000.0,家居用品,24000.0
2011-05-24,SZE_002489,2.9821602307,31.59,0.0,6000.0,家居用品,24000.0
2011-05-25,SZE_002489,2.9104146854,30.83,0.0,6000.0,家居用品,24000.0
2011-05-26,SZE_002489,2.8971984008,30.69,0.0,6000.0,家居用品,24000.0
2011-05-27,SZE_002489,2.8490533638,30.18,0.0,6000.0,家居用品,24000.0
2011-05-30,SZE_002489,2.8226207945,29.9,0.0,6000.0,家居用品,24000.0
2011-05-31,SZE_002489,2.8735978925,30.44,0.0,6000.0,家居用品,24000.0
2011-06-01,SZE_002489,2.8981424211,30.7,0.0,6000.0,家居用品,24000.0
2011-06-02,SZE_002489,2.8471653231,30.16,0.0,6000.0,家居用品,24000.0
2011-06-03,SZE_002489,2.8905902584,30.62,0.0,6000.0,家居用品,24000.0
2011-06-07,SZE_002489,2.8934223194,30.65,0.0,6000.0,家居用品,24000.0
2011-06-08,SZE_002489,2.9009744821,30.73,0.0,6000.0,家居用品,24000.0
2011-06-09,SZE_002489,2.8254528555,29.93,0.0,6000.0,家居用品,24000.0
2011-06-10,SZE_002489,2.8065724488,29.73,0.0,6000.0,家居用品,24000.0
2011-06-13,SZE_002489,2.7763637982,29.41,0.0,6000.0,家居用品,24000.0
2011-06-14,SZE_002489,2.8141246115,29.81,0.0,6000.0,家居用品,24000.0
2011-06-15,SZE_002489,2.8075164692,29.74,0.0,6000.0,家居用品,24000.0
2011-06-16,SZE_002489,2.7612594729,29.25,0.0,6000.0,家居用品,24000.0
2011-06-17,SZE_002489,2.7376589646,29.0,0.0,6000.0,家居用品,24000.0
2011-06-20,SZE_002489,2.63948085,27.96,0.0,6000.0,家居用品,24000.0
2011-06-21,SZE_002489,2.647977033,28.05,0.0,6000.0,家居用品,24000.0
2011-06-22,SZE_002489,2.591335813,27.45,0.0,6000.0,家居用品,24000.0
2011-06-23,SZE_002489,2.6762976429,28.35,0.0,6000.0,家居用品,24000.0
2011-06-24,SZE_002489,2.7518192695,29.15,0.0,6000.0,家居用品,24000.0
2011-06-27,SZE_002489,2.8112925505,29.78,0.0,6000.0,家居用品,24000.0
2011-06-28,SZE_002489,2.8282849165,29.96,0.0,6000.0,家居用品,24000.0
2011-06-29,SZE_002489,2.7735317372,29.38,0.0,6000.0,家居用品,24000.0
2011-06-30,SZE_002489,2.8311169775,29.99,0.0,6000.0,家居用品,24000.0
2011-07-01,SZE_002489,2.8320609978,30.0,0.0,6000.0,家居用品,24000.0
2011-07-04,SZE_002489,2.8830380958,30.54,0.0,6000.0,家居用品,24000.0
2011-07-05,SZE_002489,2.9255190107,30.99,0.0,6000.0,家居用品,24000.0
2011-07-06,SZE_002489,3.002928678,31.81,0.0,6000.0,家居用品,24000.0
2011-07-07,SZE_002489,3.0180330033,31.97,0.0,6000.0,家居用品,24000.0
2011-07-08,SZE_002489,2.9934884747,31.71,0.0,6000.0,家居用品,24000.0
2011-07-11,SZE_002489,3.011424861,31.9,0.0,6000.0,家居用品,24000.0
2011-07-12,SZE_002489,2.9453434377,31.2,0.0,6000.0,家居用品,24000.0
2011-07-13,SZE_002489,3.011424861,31.9,0.0,6000.0,家居用品,24000.0
2011-07-14,SZE_002489,2.9481754987,31.23,0.0,6000.0,家居用品,24000.0
2011-07-15,SZE_002489,2.9623358037,31.38,0.0,6000.0,家居用品,24000.0
2011-07-18,SZE_002489,3.0491856743,32.3,0.0,6000.0,家居用品,24000.0
2011-07-19,SZE_002489,2.9868803324,31.64,0.0,6000.0,家居用品,24000.0
2011-07-20,SZE_002489,2.963279824,31.39,0.0,6000.0,家居用品,24000.0
2011-07-21,SZE_002489,2.9264630311,31.0,0.0,6000.0,家居用品,24000.0
2011-07-22,SZE_002489,2.9396793157,31.14,0.0,6000.0,家居用品,24000.0
2011-07-25,SZE_002489,2.7914681235,29.57,0.0,6000.0,家居用品,24000.0
2011-07-26,SZE_002489,2.7886360625,29.54,0.0,6000.0,家居用品,24000.0
2011-07-27,SZE_002489,2.8679337705,30.38,0.0,6000.0,家居用品,24000.0
2011-07-28,SZE_002489,2.8320609978,30.0,0.0,6000.0,家居用品,24000.0
2011-07-29,SZE_002489,2.8443332621,30.13,0.0,6000.0,家居用品,24000.0
2011-08-01,SZE_002489,2.9434553971,31.18,0.0,6000.0,家居用品,24000.0
2011-08-02,SZE_002489,2.7754197779,29.4,0.0,6000.0,家居用品,24000.0
2011-08-03,SZE_002489,2.7461551476,29.09,0.0,6000.0,家居用品,24000.0
2011-08-04,SZE_002489,2.7612594729,29.25,0.0,6000.0,家居用品,24000.0
2011-08-05,SZE_002489,2.6706335209,28.29,0.0,6000.0,家居用品,24000.0
2011-08-08,SZE_002489,2.5129821254,26.62,0.0,6000.0,家居用品,24000.0
2011-08-09,SZE_002489,2.4988218204,26.47,0.0,6000.0,家居用品,24000.0
2011-08-10,SZE_002489,2.5328065524,26.83,0.0,6000.0,家居用品,24000.0
2011-08-11,SZE_002489,2.568679325,27.21,0.0,6000.0,家居用品,24000.0
2011-08-12,SZE_002489,2.5790635487,27.32,0.0,6000.0,家居用品,24000.0
2011-08-15,SZE_002489,2.6130482807,27.68,0.0,6000.0,家居用品,24000.0
2011-08-16,SZE_002489,2.5809515893,27.34,0.0,6000.0,家居用品,24000.0
2011-08-17,SZE_002489,2.591335813,27.45,0.0,6000.0,家居用品,24000.0
2011-08-18,SZE_002489,2.5110940847,26.6,0.0,6000.0,家居用品,24000.0
2011-08-19,SZE_002489,2.4723892511,26.19,0.0,6000.0,家居用品,24000.0
2011-08-22,SZE_002489,2.4808854341,26.28,0.0,6000.0,家居用品,24000.0
2011-08-23,SZE_002489,2.580007569,27.33,0.0,6000.0,家居用品,24000.0
2011-08-24,SZE_002489,2.565847264,27.18,0.0,6000.0,家居用品,24000.0
2011-08-25,SZE_002489,2.6092721993,27.64,0.0,6000.0,家居用品,24000.0
2011-08-26,SZE_002489,2.6517531143,28.09,0.0,6000.0,家居用品,24000.0
2011-08-29,SZE_002489,2.633816728,27.9,0.0,6000.0,家居用品,24000.0
2011-08-30,SZE_002489,2.6036080773,27.58,0.0,6000.0,家居用品,24000.0
2011-08-31,SZE_002489,2.591335813,27.45,0.0,6000.0,家居用品,24000.0
2011-09-01,SZE_002489,2.574343447,27.27,0.0,6000.0,家居用品,24000.0
2011-09-02,SZE_002489,2.5328065524,26.83,0.0,6000.0,家居用品,24000.0
2011-09-05,SZE_002489,2.4601169868,26.06,0.0,6000.0,家居用品,24000.0
2011-09-06,SZE_002489,2.4336844175,25.78,0.0,6000.0,家居用品,24000.0
2011-09-07,SZE_002489,2.4827734748,26.3,0.0,6000.0,家居用品,24000.0
2011-09-08,SZE_002489,2.4695571901,26.16,0.0,6000.0,家居用品,24000.0
2011-09-09,SZE_002489,2.4591729664,26.05,0.0,6000.0,家居用品,24000.0
2011-09-13,SZE_002489,2.4346284378,25.79,0.0,6000.0,家居用品,24000.0
2011-09-14,SZE_002489,2.4723892511,26.19,0.0,6000.0,家居用品,24000.0
2011-09-15,SZE_002489,2.5120381051,26.61,0.0,6000.0,家居用品,24000.0
2011-09-16,SZE_002489,2.5016538814,26.5,0.0,6000.0,家居用品,24000.0
2011-09-19,SZE_002489,2.4185800921,25.62,0.0,6000.0,家居用品,24000.0
2011-09-20,SZE_002489,2.4355724581,25.8,0.0,6000.0,家居用品,24000.0
2011-09-21,SZE_002489,2.5054299627,26.54,0.0,6000.0,家居用品,24000.0
2011-09-22,SZE_002489,2.4270762751,25.71,0.0,6000.0,家居用品,24000.0
2011-09-23,SZE_002489,2.3921475228,25.34,0.0,6000.0,家居用品,24000.0
2011-09-26,SZE_002489,2.3930915432,25.35,0.0,6000.0,家居用品,24000.0
2011-09-27,SZE_002489,2.4053638075,25.48,0.0,6000.0,家居用品,24000.0
2011-09-28,SZE_002489,2.4148040108,25.58,0.0,6000.0,家居用品,24000.0
2011-09-29,SZE_002489,2.3968676245,25.39,0.0,6000.0,家居用品,24000.0
2011-09-30,SZE_002489,2.3553307299,24.95,0.0,6000.0,家居用品,24000.0
2011-10-10,SZE_002489,2.3109617742,24.48,0.0,6000.0,家居用品,24000.0
2011-10-11,SZE_002489,2.2458243713,23.79,0.0,6000.0,家居用品,24000.0
2011-10-12,SZE_002489,2.3052976522,24.42,0.0,6000.0,家居用品,24000.0
2011-10-13,SZE_002489,2.3204019775,24.58,0.0,6000.0,家居用品,24000.0
2011-10-14,SZE_002489,2.3128498149,24.5,0.0,6000.0,家居用品,24000.0
2011-10-17,SZE_002489,2.3137938352,24.51,0.0,6000.0,家居用品,24000.0
2011-10-18,SZE_002489,2.2241119036,23.56,0.0,6000.0,家居用品,24000.0
2011-10-19,SZE_002489,2.219391802,23.51,0.0,6000.0,家居用品,24000.0
2011-10-20,SZE_002489,2.117437606,22.43,0.0,6000.0,家居用品,24000.0
2011-10-21,SZE_002489,2.0749566911,21.98,0.0,6900.0,家居用品,24000.0
2011-10-24,SZE_002489,2.1108294637,22.36,0.0,6900.0,家居用品,24000.0
2011-10-25,SZE_002489,2.159918521,22.88,0.0,6900.0,家居用品,24000.0
2011-10-27,SZE_002489,2.15708646,22.85,0.0,6900.0,家居用品,24000.0
2011-10-28,SZE_002489,2.1844630496,23.14,0.0,6900.0,家居用品,24000.0
2011-10-31,SZE_002489,2.1957912936,23.26,0.0,6900.0,家居用品,24000.0
2011-11-01,SZE_002489,2.1731348057,23.02,0.0,6900.0,家居用品,24000.0
2011-11-02,SZE_002489,2.1986233546,23.29,0.0,6900.0,家居用品,24000.0
2011-11-03,SZE_002489,2.2562085949,23.9,0.0,6900.0,家居用品,24000.0
2011-11-04,SZE_002489,2.2467683916,23.8,0.0,6900.0,家居用品,24000.0
2011-11-07,SZE_002489,2.2401602493,23.73,0.0,6900.0,家居用品,24000.0
2011-11-08,SZE_002489,2.2184477816,23.5,0.0,6900.0,家居用品,24000.0
2011-11-09,SZE_002489,2.2816971439,24.17,0.0,6900.0,家居用品,24000.0
2011-11-10,SZE_002489,2.2552645746,23.89,0.0,6900.0,家居用品,24000.0
2011-11-11,SZE_002489,2.2892493066,24.25,0.0,6900.0,家居用品,24000.0
2011-11-15,SZE_002489,2.3421144452,24.81,0.0,6900.0,家居用品,24000.0
2011-11-16,SZE_002489,2.2732009609,24.08,0.0,6900.0,家居用品,24000.0
2011-11-17,SZE_002489,2.2514884933,23.85,0.0,6900.0,家居用品,24000.0
2011-11-18,SZE_002489,2.1636946023,22.92,0.0,6900.0,家居用品,24000.0
2011-11-21,SZE_002489,2.2118396393,23.43,0.0,6900.0,家居用品,24000.0
2011-11-22,SZE_002489,2.2420482899,23.75,0.0,6900.0,家居用品,24000.0
2011-11-23,SZE_002489,2.2533765339,23.87,0.0,6900.0,家居用品,24000.0
2011-11-24,SZE_002489,2.1976793343,23.28,0.0,6900.0,家居用品,24000.0
2011-11-25,SZE_002489,2.176910887,23.06,0.0,6900.0,家居用品,24000.0
2011-11-28,SZE_002489,2.151422338,22.79,0.0,6900.0,家居用品,24000.0
2011-11-29,SZE_002489,2.2580966356,23.92,0.0,6900.0,家居用品,24000.0
2011-11-30,SZE_002489,2.1636946023,22.92,0.0,6900.0,家居用品,24000.0
2011-12-01,SZE_002489,2.225055924,23.57,0.0,6900.0,家居用品,24000.0
2011-12-02,SZE_002489,2.1703027447,22.99,0.0,6900.0,家居用品,24000.0
2011-12-05,SZE_002489,2.0787327724,22.02,0.0,6900.0,家居用品,24000.0
2011-12-06,SZE_002489,2.103277301,22.28,0.0,6900.0,家居用品,24000.0
2011-12-07,SZE_002489,2.103277301,22.28,0.0,6900.0,家居用品,24000.0
2011-12-08,SZE_002489,2.0910050367,22.15,0.0,6900.0,家居用品,24000.0
2011-12-09,SZE_002489,2.0692925691,21.92,0.0,6900.0,家居用品,24000.0
2011-12-12,SZE_002489,2.0249236134,21.45,0.0,6900.0,家居用品,24000.0
2011-12-13,SZE_002489,1.9427938445,20.58,0.0,6900.0,家居用品,24000.0
2011-12-14,SZE_002489,1.9116411735,20.25,0.0,6900.0,家居用品,24000.0
2011-12-15,SZE_002489,1.8427276892,19.52,0.0,6900.0,家居用品,24000.0
2011-12-16,SZE_002489,1.9135292142,20.27,0.0,6900.0,家居用品,24000.0
2011-12-19,SZE_002489,1.8889846855,20.01,0.0,6900.0,家居用品,24000.0
2011-12-20,SZE_002489,1.9125851939,20.26,0.0,6900.0,家居用品,24000.0
2011-12-21,SZE_002489,1.9588421902,20.75,0.0,6900.0,家居用品,24000.0
2011-12-22,SZE_002489,1.8634961366,19.74,0.0,6900.0,家居用品,24000.0
2011-12-23,SZE_002489,1.8625521162,19.73,0.0,6900.0,家居用品,24000.0
2011-12-26,SZE_002489,1.8578320146,19.68,0.0,6900.0,家居用品,24000.0
2011-12-27,SZE_002489,1.7841984286,18.9,0.0,6900.0,家居用品,24000.0
2011-12-28,SZE_002489,1.7436055543,18.47,0.0,6900.0,家居用品,24000.0
2011-12-29,SZE_002489,1.748325656,18.52,0.0,6900.0,家居用品,24000.0
2011-12-30,SZE_002489,1.770982144,18.76,0.0,6900.0,家居用品,24000.0
2012-01-04,SZE_002489,1.7237811273,18.26,0.0,6900.0,家居用品,24000.0
2012-01-05,SZE_002489,1.6595877447,17.58,0.0,6900.0,家居用品,24000.0
2012-01-06,SZE_002489,1.6284350737,17.25,0.0,6900.0,家居用品,24000.0
2012-01-09,SZE_002489,1.688852375,17.89,0.0,6900.0,家居用品,24000.0
2012-01-10,SZE_002489,1.762485961,18.67,0.0,6900.0,家居用品,24000.0
2012-01-11,SZE_002489,1.7672060626,18.72,0.0,6900.0,家居用品,24000.0
2012-01-12,SZE_002489,1.768150083,18.73,0.0,6900.0,家居用品,24000.0
2012-01-13,SZE_002489,1.6614757854,17.6,0.0,6900.0,家居用品,24000.0
2012-01-16,SZE_002489,1.6086106468,17.04,0.0,6900.0,家居用品,24000.0
2012-01-17,SZE_002489,1.6982925784,17.99,0.0,6900.0,家居用品,24000.0
2012-01-19,SZE_002489,1.6699719684,17.69,0.0,6900.0,家居用品,24000.0
2012-01-20,SZE_002489,1.6869643344,17.87,0.0,6900.0,家居用品,24000.0
2012-01-30,SZE_002489,1.6756360904,17.75,0.0,6900.0,家居用品,24000.0
2012-01-31,SZE_002489,1.6624198057,17.61,0.0,6900.0,家居用品,24000.0
2012-02-01,SZE_002489,1.6699719684,17.69,0.0,6900.0,家居用品,24000.0
2012-02-02,SZE_002489,1.6907404157,17.91,0.0,6900.0,家居用品,24000.0
2012-02-03,SZE_002489,1.720005046,18.22,0.0,6900.0,家居用品,24000.0
2012-02-06,SZE_002489,1.7417175137,18.45,0.0,6900.0,家居用品,24000.0
2012-02-07,SZE_002489,1.7152849443,18.17,0.0,6900.0,家居用品,24000.0
2012-02-08,SZE_002489,1.7643740016,18.69,0.0,6900.0,家居用品,24000.0
2012-02-09,SZE_002489,1.7700381236,18.75,0.0,6900.0,家居用品,24000.0
2012-02-10,SZE_002489,1.8021348149,19.09,0.0,6900.0,家居用品,24000.0
2012-02-13,SZE_002489,1.8144070793,19.22,0.0,6900.0,家居用品,24000.0
2012-02-14,SZE_002489,1.8096869776,19.17,0.0,6900.0,家居用品,24000.0
2012-02-15,SZE_002489,1.8776564416,19.89,0.0,6900.0,家居用品,24000.0
2012-02-16,SZE_002489,1.8606640756,19.71,0.0,6900.0,家居用品,24000.0
2012-02-17,SZE_002489,1.8974808685,20.1,0.0,6900.0,家居用品,24000.0
2012-02-20,SZE_002489,1.8937047872,20.06,0.0,6900.0,家居用品,24000.0
2012-02-21,SZE_002489,1.9342976615,20.49,0.0,6900.0,家居用品,24000.0
2012-02-22,SZE_002489,1.9711144545,20.88,0.0,6900.0,家居用品,24000.0
2012-02-23,SZE_002489,1.9805546578,20.98,0.0,6900.0,家居用品,24000.0
2012-02-24,SZE_002489,1.9843307391,21.02,0.0,6900.0,家居用品,24000.0
2012-02-27,SZE_002489,1.9635622918,20.8,0.0,6900.0,家居用品,24000.0
2012-02-28,SZE_002489,1.9541220885,20.7,0.0,6900.0,家居用品,24000.0
2012-02-29,SZE_002489,1.9512900275,20.67,0.0,6900.0,家居用品,24000.0
2012-03-01,SZE_002489,1.9560101292,20.72,0.0,6900.0,家居用品,24000.0
2012-03-02,SZE_002489,1.9937709425,21.12,0.0,6900.0,家居用品,24000.0
2012-03-05,SZE_002489,2.0079312475,21.27,0.0,6900.0,家居用品,24000.0
2012-03-06,SZE_002489,2.0362518574,21.57,0.0,6900.0,家居用品,24000.0
2012-03-07,SZE_002489,2.0258676338,21.46,0.0,6900.0,家居用品,24000.0
2012-03-08,SZE_002489,2.0419159794,21.63,0.0,6900.0,家居用品,24000.0
2012-03-09,SZE_002489,2.1382060534,22.65,0.0,6900.0,家居用品,24000.0
2012-03-12,SZE_002489,2.1976793343,23.28,0.0,6900.0,家居用品,24000.0
2012-03-13,SZE_002489,2.3591068112,24.99,0.0,6900.0,家居用品,24000.0
2012-03-14,SZE_002489,2.2071195376,23.38,0.0,6900.0,家居用品,24000.0
2012-03-15,SZE_002489,2.3685470145,25.09,0.0,6900.0,家居用品,24000.0
2012-03-16,SZE_002489,2.4233001938,25.67,0.0,6900.0,家居用品,24000.0
2012-03-19,SZE_002489,2.4657811088,26.12,0.0,6900.0,家居用品,24000.0
2012-03-20,SZE_002489,2.4072518481,25.5,0.0,6900.0,家居用品,24000.0
2012-03-21,SZE_002489,2.3581627908,24.98,0.0,6900.0,家居用品,24000.0
2012-03-22,SZE_002489,2.3855393805,25.27,0.0,6900.0,家居用品,24000.0
2012-03-23,SZE_002489,2.3883714415,25.3,0.0,6900.0,家居用品,24000.0
2012-03-26,SZE_002489,2.3260660995,24.64,0.0,6900.0,家居用品,24000.0
2012-03-27,SZE_002489,2.2986895099,24.35,0.0,6900.0,家居用品,24000.0
2012-03-28,SZE_002489,2.182575009,23.12,0.0,6900.0,家居用品,24000.0
2012-03-29,SZE_002489,2.1787989277,23.08,0.0,6900.0,家居用品,24000.0
2012-03-30,SZE_002489,2.1787989277,23.08,0.0,6900.0,家居用品,24000.0
2012-04-05,SZE_002489,2.3506106282,24.9,0.0,6900.0,家居用品,24000.0
2012-04-06,SZE_002489,2.3440024859,24.83,0.0,6900.0,家居用品,24000.0
2012-04-10,SZE_002489,2.4025317465,25.45,0.0,6900.0,家居用品,24000.0
2012-04-11,SZE_002489,2.3760991772,25.17,0.0,6900.0,家居用品,24000.0
2012-04-12,SZE_002489,2.4752213121,26.22,0.0,6900.0,家居用品,24000.0
2012-04-13,SZE_002489,2.4317963768,25.76,0.0,6900.0,家居用品,24000.0
2012-04-16,SZE_002489,2.3836513398,25.25,0.0,6900.0,家居用品,24000.0
2012-04-17,SZE_002489,2.3874274212,25.29,0.0,6900.0,家居用品,24000.0
2012-04-18,SZE_002489,2.4308523565,25.75,0.0,6900.0,家居用品,24000.0
2012-04-19,SZE_002489,2.4015877261,25.44,0.0,6900.0,家居用品,24000.0
2012-04-20,SZE_002489,2.4053638075,25.48,0.0,6900.0,家居用品,24000.0
2012-04-23,SZE_002489,2.3978116448,25.4,0.0,6900.0,家居用品,24000.0
2012-04-24,SZE_002489,2.3836513398,25.25,0.0,6900.0,家居用品,24183.0
2012-04-25,SZE_002489,2.3657149535,25.06,0.0,6900.0,家居用品,24183.0
2012-04-26,SZE_002489,2.4535088444,25.99,0.0,6900.0,家居用品,24183.0
2012-04-27,SZE_002489,2.4091398888,25.52,0.0,6900.0,家居用品,24183.0
2012-05-02,SZE_002489,2.5337505727,26.84,0.0,6900.0,家居用品,24183.0
2012-05-03,SZE_002489,2.5195902677,26.69,0.0,6900.0,家居用品,24183.0
2012-05-04,SZE_002489,2.4628716412,12.61,0.0,13747.8,家居用品,48183.0
2012-05-07,SZE_002489,2.5156056097,12.88,0.0,13747.8,家居用品,48183.0
2012-05-08,SZE_002489,2.4628716412,12.61,0.0,13747.8,家居用品,48183.0
2012-05-09,SZE_002489,2.3691223638,12.13,0.0,13747.8,家居用品,48183.0
2012-05-10,SZE_002489,2.3769348036,12.17,0.0,13747.8,家居用品,48183.0
2012-05-11,SZE_002489,2.3495912643,12.03,0.0,13747.8,家居用品,48183.0
2012-05-14,SZE_002489,2.3788879135,12.18,0.0,13747.8,家居用品,48183.0
2012-05-15,SZE_002489,2.324200835,11.9,0.0,13747.8,家居用品,48183.0
2012-05-16,SZE_002489,2.2499826571,11.52,0.0,13747.8,家居用品,48183.0
2012-05-17,SZE_002489,2.2617013168,11.58,0.0,13747.8,家居用品,48183.0
2012-05-18,SZE_002489,2.1757644792,11.14,0.0,13747.8,家居用品,48183.0
2012-05-21,SZE_002489,2.1972486886,11.25,0.0,13747.8,家居用品,48183.0
2012-05-22,SZE_002489,2.3027166256,11.79,0.0,13747.8,家居用品,48183.0
2012-05-23,SZE_002489,2.3183415052,11.87,0.0,13747.8,家居用品,48183.0
2012-05-24,SZE_002489,2.2792793063,11.67,0.0,13747.8,家居用品,48183.0
2012-05-25,SZE_002489,2.1952955786,11.24,0.0,13747.8,家居用品,48183.0
2012-05-28,SZE_002489,2.2011549085,11.27,0.0,13747.8,家居用品,48183.0
2012-05-29,SZE_002489,2.2382639974,11.46,0.0,13747.8,家居用品,48183.0
2012-05-30,SZE_002489,2.2324046676,11.43,0.0,13747.8,家居用品,48183.0
2012-05-31,SZE_002489,2.3906065732,12.24,0.0,13747.8,家居用品,48183.0
2012-06-01,SZE_002489,2.3574037041,12.07,0.0,13747.8,家居用品,48183.0
2012-06-04,SZE_002489,2.2226391179,11.38,0.0,13747.8,家居用品,48183.0
2012-06-05,SZE_002489,2.2011549085,11.27,0.0,13747.8,家居用品,48183.0
2012-06-06,SZE_002489,2.2245922278,11.39,0.0,13747.8,家居用品,48183.0
2012-06-07,SZE_002489,2.2245922278,11.39,0.0,13747.8,家居用品,48183.0
2012-06-08,SZE_002489,2.1952955786,11.24,0.0,13747.8,家居用品,48183.0
2012-06-11,SZE_002489,2.2245922278,11.39,0.0,13747.8,家居用品,48183.0
2012-06-12,SZE_002489,2.2011549085,11.27,0.0,13747.8,家居用品,48183.0
2012-06-13,SZE_002489,2.2304515577,11.42,0.0,13747.8,家居用品,48183.0
2012-06-14,SZE_002489,2.2206860079,11.37,0.0,13747.8,家居用品,48183.0
2012-06-15,SZE_002489,2.218732898,11.36,0.0,13747.8,家居用品,48183.0
2012-06-18,SZE_002489,2.2284984477,11.41,0.0,13747.8,家居用品,48183.0
2012-06-19,SZE_002489,2.1992017985,11.26,0.0,13747.8,家居用品,48183.0
2012-06-20,SZE_002489,2.2050611284,11.29,0.0,13747.8,家居用品,48183.0
2012-06-21,SZE_002489,2.1855300289,11.19,0.0,13747.8,家居用品,48183.0
2012-06-25,SZE_002489,2.0702965421,10.6,0.0,13747.8,家居用品,48183.0
2012-06-26,SZE_002489,2.0370936731,10.43,0.0,13747.8,家居用品,48183.0
2012-06-27,SZE_002489,2.0253750134,10.37,0.0,13747.8,家居用品,48183.0
2012-06-28,SZE_002489,1.9980314742,10.23,0.0,13747.8,家居用品,48183.0
2012-06-29,SZE_002489,2.0234219034,10.36,0.0,13747.8,家居用品,48183.0
2012-07-02,SZE_002489,2.0527185526,10.51,0.0,13747.8,家居用品,48183.0
2012-07-03,SZE_002489,2.1171711808,10.84,0.0,13747.8,家居用品,48183.0
2012-07-04,SZE_002489,2.0800620919,10.65,0.0,13747.8,家居用品,48183.0
2012-07-05,SZE_002489,2.001937694,10.25,0.0,13747.8,家居用品,48183.0
2012-07-06,SZE_002489,2.0644372123,10.57,0.0,13747.8,家居用品,48183.0
2012-07-09,SZE_002489,1.9960783642,10.22,0.0,13747.8,家居用品,48183.0
2012-07-10,SZE_002489,1.9921721443,10.2,0.0,13747.8,家居用品,48183.0
2012-07-11,SZE_002489,2.0117032438,10.3,0.0,13747.8,家居用品,48183.0
2012-07-12,SZE_002489,2.0312343432,10.4,0.0,13747.8,家居用品,48183.0
2012-07-13,SZE_002489,2.0117032438,10.3,0.0,13747.8,家居用品,48183.0
2012-07-16,SZE_002489,1.8769386575,9.61,0.0,13747.8,家居用品,48183.0
2012-07-17,SZE_002489,1.894516647,9.7,0.0,13747.8,家居用品,48183.0
2012-07-18,SZE_002489,1.8495951183,9.47,0.0,13747.8,家居用品,48183.0
2012-07-19,SZE_002489,1.9413912857,9.94,0.0,13747.8,家居用品,48183.0
2012-07-20,SZE_002489,1.9179539664,9.82,0.0,13747.8,家居用品,48183.0
2012-07-23,SZE_002489,1.8769386575,9.61,0.0,13747.8,家居用品,48183.0
2012-07-24,SZE_002489,1.896469757,9.71,0.0,13747.8,家居用品,48183.0
2012-07-25,SZE_002489,1.8691262178,9.57,0.0,13747.8,家居用品,48183.0
2012-07-26,SZE_002489,1.8476420084,9.46,0.0,13747.8,家居用品,48183.0
2012-07-27,SZE_002489,1.8456888984,9.45,0.0,13747.8,家居用品,48183.0
2012-07-30,SZE_002489,1.8144391393,9.29,0.0,13747.8,家居用品,48183.0
2012-07-31,SZE_002489,1.7812362702,9.12,0.0,13747.8,家居用品,48183.0
2012-08-01,SZE_002489,1.8398295686,9.42,0.0,13747.8,家居用品,48183.0
2012-08-02,SZE_002489,1.8456888984,9.45,0.0,13747.8,家居用品,48183.0
2012-08-03,SZE_002489,1.9023290868,9.74,0.0,13747.8,家居用品,48183.0
2012-08-06,SZE_002489,1.9355319559,9.91,0.0,13747.8,家居用品,48183.0
2012-08-07,SZE_002489,1.9980314742,10.23,0.0,13747.8,家居用品,48183.0
2012-08-08,SZE_002489,1.9843597045,10.16,0.0,13747.8,家居用品,48183.0
2012-08-09,SZE_002489,2.0312343432,10.4,0.0,13747.8,家居用品,48183.0
2012-08-10,SZE_002489,2.0234219034,10.36,0.0,13747.8,家居用品,48183.0
2012-08-13,SZE_002489,1.9492037255,9.98,0.0,13747.8,家居用品,48183.0
2012-08-14,SZE_002489,1.9980314742,10.23,0.0,13747.8,家居用品,48183.0
2012-08-15,SZE_002489,1.9492037255,9.98,0.0,13747.8,家居用品,48183.0
2012-08-16,SZE_002489,1.9531099454,10.0,0.0,13747.8,家居用品,48183.0
2012-08-17,SZE_002489,1.9531099454,10.0,0.0,13747.8,家居用品,48183.0
2012-08-20,SZE_002489,1.9941252543,10.21,0.0,13747.8,家居用品,48183.0
2012-08-21,SZE_002489,2.0136563537,10.31,0.0,13747.8,家居用品,48183.0
2012-08-22,SZE_002489,1.9785003747,10.13,0.0,13747.8,家居用品,48183.0
2012-08-23,SZE_002489,2.0077970239,10.28,0.0,13747.8,家居用品,48183.0
2012-08-24,SZE_002489,2.0175625736,10.33,0.0,13747.8,家居用品,48183.0
2012-08-27,SZE_002489,1.9589692752,10.03,0.0,13747.8,家居用品,48183.0
2012-08-28,SZE_002489,1.9531099454,10.0,0.0,13747.8,家居用品,48183.0
2012-08-29,SZE_002489,1.9472506156,9.97,0.0,13747.8,家居用品,48183.0
2012-08-30,SZE_002489,1.8398295686,9.42,0.0,13747.8,家居用品,48183.0
2012-08-31,SZE_002489,1.8281109089,9.36,0.0,13747.8,家居用品,48183.0
2012-09-03,SZE_002489,1.8456888984,9.45,0.0,13747.8,家居用品,48183.0
2012-09-04,SZE_002489,1.826157799,9.35,0.0,13747.8,家居用品,48183.0
2012-09-05,SZE_002489,1.8281109089,9.36,0.0,13747.8,家居用品,48183.0
2012-09-06,SZE_002489,1.8437357885,9.44,0.0,13747.8,家居用品,48183.0
2012-09-07,SZE_002489,1.9218601863,9.84,0.0,13747.8,家居用品,48183.0
2012-09-10,SZE_002489,1.9785003747,10.13,0.0,13747.8,家居用品,48183.0
2012-09-11,SZE_002489,1.9921721443,10.2,0.0,13747.8,家居用品,48183.0
2012-09-12,SZE_002489,1.9843597045,10.16,0.0,13747.8,家居用品,48183.0
2012-09-13,SZE_002489,1.9550630554,10.01,0.0,13747.8,家居用品,48183.0
2012-09-14,SZE_002489,1.9374850658,9.92,0.0,13747.8,家居用品,48183.0
2012-09-17,SZE_002489,1.859360668,9.52,0.0,13747.8,家居用品,48183.0
2012-09-18,SZE_002489,1.8574075581,9.51,0.0,13747.8,家居用品,48183.0
2012-09-19,SZE_002489,1.8632668879,9.54,0.0,13747.8,家居用品,48183.0
2012-09-20,SZE_002489,1.7968611498,9.2,0.0,13747.8,家居用品,48183.0
2012-09-21,SZE_002489,1.7714707205,9.07,0.0,13747.8,家居用品,48183.0
2012-09-24,SZE_002489,1.7675645006,9.05,0.0,13747.8,家居用品,48183.0
2012-09-25,SZE_002489,1.7421740713,8.92,0.0,13747.8,家居用品,48183.0
2012-09-26,SZE_002489,1.6992056525,8.7,0.0,13747.8,家居用品,48183.0
2012-09-27,SZE_002489,1.7382678514,8.9,0.0,13747.8,家居用品,48183.0
2012-09-28,SZE_002489,1.7617051708,9.02,0.0,13747.8,家居用品,48183.0
2012-10-08,SZE_002489,1.7636582807,9.03,0.0,13747.8,家居用品,48183.0
2012-10-09,SZE_002489,1.8066266995,9.25,0.0,13747.8,家居用品,48183.0
2012-10-10,SZE_002489,1.8222515791,9.33,0.0,13747.8,家居用品,48183.0
2012-10-11,SZE_002489,1.7792831603,9.11,0.0,13747.8,家居用品,48183.0
2012-10-12,SZE_002489,1.7851424901,9.14,0.0,13747.8,家居用品,48183.0
2012-10-15,SZE_002489,1.7460802912,8.94,0.0,13747.8,家居用品,48183.0
2012-10-16,SZE_002489,1.7421740713,8.92,0.0,13747.8,家居用品,48183.0
2012-10-17,SZE_002489,1.7460802912,8.94,0.0,13747.8,家居用品,48183.0
2012-10-18,SZE_002489,1.7773300503,9.1,0.0,13747.8,家居用品,48183.0
2012-10-19,SZE_002489,1.7695176105,9.06,0.0,13747.8,家居用品,48183.0
2012-10-22,SZE_002489,1.7851424901,9.14,0.0,13747.8,家居用品,48183.0
2012-10-23,SZE_002489,1.7675645006,9.05,0.0,13747.8,家居用品,48183.0
2012-10-24,SZE_002489,1.7597520608,9.01,0.0,13747.8,家居用品,48183.0
2012-10-25,SZE_002489,1.7421740713,8.92,0.0,13747.8,家居用品,48183.0
2012-10-26,SZE_002489,1.6992056525,8.7,0.0,13747.8,家居用品,48183.0
2012-10-29,SZE_002489,1.5976439353,8.18,0.0,13747.8,家居用品,48183.0
2012-10-30,SZE_002489,1.5859252757,8.12,0.0,13747.8,家居用品,48183.0
2012-10-31,SZE_002489,1.6035032652,8.21,0.0,13747.8,家居用品,48183.0
2012-11-01,SZE_002489,1.6367061343,8.38,0.0,13747.8,家居用品,48183.0
2012-11-02,SZE_002489,1.6230343646,8.31,0.0,13747.8,家居用品,48183.0
2012-11-05,SZE_002489,1.6542841238,8.47,0.0,13747.8,家居用品,48183.0
2012-11-06,SZE_002489,1.6718621133,8.56,0.0,13747.8,家居用品,48183.0
2012-11-07,SZE_002489,1.681627663,8.61,0.0,13747.8,家居用品,48183.0
2012-11-08,SZE_002489,1.646471684,8.43,0.0,13747.8,家居用品,48183.0
2012-11-09,SZE_002489,1.6601434536,8.5,0.0,13747.8,家居用品,48183.0
2012-11-12,SZE_002489,1.6933463227,8.67,0.0,13747.8,家居用品,48183.0
2012-11-13,SZE_002489,1.6777214431,8.59,0.0,13747.8,家居用品,48183.0
2012-11-14,SZE_002489,1.6679558934,8.54,0.0,13747.8,家居用品,48183.0
2012-11-15,SZE_002489,1.6699090033,8.55,0.0,13747.8,家居用品,48183.0
2012-11-16,SZE_002489,1.6601434536,8.5,0.0,13747.8,家居用品,48183.0
2012-11-19,SZE_002489,1.6425654641,8.41,0.0,13747.8,家居用品,48183.0
2012-11-20,SZE_002489,1.6288936945,8.34,0.0,13747.8,家居用品,48183.0
2012-11-21,SZE_002489,1.6640496735,8.52,0.0,13747.8,家居用品,48183.0
2012-11-22,SZE_002489,1.6679558934,8.54,0.0,13747.8,家居用品,48183.0
2012-11-23,SZE_002489,1.679674553,8.6,0.0,13747.8,家居用品,48183.0
2012-11-26,SZE_002489,1.644518574,8.42,0.0,13747.8,家居用品,48183.0
2012-11-27,SZE_002489,1.5722535061,8.05,0.0,13747.8,家居用品,48183.0
2012-11-28,SZE_002489,1.5273319773,7.82,0.0,13747.8,家居用品,48183.0
2012-11-29,SZE_002489,1.5117070977,7.74,0.0,13747.8,家居用品,48183.0
2012-11-30,SZE_002489,1.5175664276,7.77,0.0,13747.8,家居用品,48183.0
2012-12-03,SZE_002489,1.5273319773,7.82,0.0,13747.8,家居用品,48183.0
2012-12-04,SZE_002489,1.5312381972,7.84,0.0,13747.8,家居用品,48183.0
2012-12-05,SZE_002489,1.574206616,8.06,0.0,13747.8,家居用品,48183.0
2012-12-06,SZE_002489,1.574206616,8.06,0.0,13747.8,家居用品,48183.0
2012-12-07,SZE_002489,1.6152219249,8.27,0.0,13747.8,家居用品,48183.0
2012-12-10,SZE_002489,1.6269405845,8.33,0.0,13747.8,家居用品,48183.0
2012-12-11,SZE_002489,1.6191281447,8.29,0.0,13747.8,家居用品,48183.0
2012-12-12,SZE_002489,1.5937377155,8.16,0.0,13747.8,家居用品,48183.0
2012-12-13,SZE_002489,1.5898314956,8.14,0.0,13747.8,家居用品,48183.0
2012-12-14,SZE_002489,1.6425654641,8.41,0.0,13747.8,家居用品,48183.0
2012-12-17,SZE_002489,1.6425654641,8.41,0.0,13747.8,家居用品,48183.0
2012-12-18,SZE_002489,1.6327999144,8.36,0.0,13747.8,家居用品,48183.0
2012-12-19,SZE_002489,1.6855338829,8.63,0.0,13747.8,家居用品,48183.0
2012-12-20,SZE_002489,1.679674553,8.6,0.0,13747.8,家居用品,48183.0
2012-12-21,SZE_002489,1.7206898619,8.81,0.0,13747.8,家居用品,48183.0
2012-12-24,SZE_002489,1.7304554116,8.86,0.0,13747.8,家居用品,48183.0
2012-12-25,SZE_002489,1.7558458409,8.99,0.0,13747.8,家居用品,48183.0
2012-12-26,SZE_002489,1.7597520608,9.01,0.0,13747.8,家居用品,48183.0
2012-12-27,SZE_002489,1.7480334011,8.95,0.0,13747.8,家居用品,48183.0
2012-12-28,SZE_002489,1.7324085216,8.87,0.0,13747.8,家居用品,48183.0
2012-12-31,SZE_002489,1.7402209614,8.91,0.0,13747.8,家居用品,48183.0
2013-01-04,SZE_002489,1.7148305321,8.78,0.0,13747.8,家居用品,48183.0
2013-01-07,SZE_002489,1.7206898619,8.81,0.0,13747.8,家居用品,48183.0
2013-01-08,SZE_002489,1.7421740713,8.92,0.0,13747.8,家居用品,48183.0
2013-01-09,SZE_002489,1.7558458409,8.99,0.0,13747.8,家居用品,48183.0
2013-01-10,SZE_002489,1.7558458409,8.99,0.0,13747.8,家居用品,48183.0
2013-01-11,SZE_002489,1.6992056525,8.7,0.0,13747.8,家居用品,48183.0
2013-01-14,SZE_002489,1.7441271812,8.93,0.0,13747.8,家居用品,48183.0
2013-01-15,SZE_002489,1.7929549299,9.18,0.0,13747.8,家居用品,48183.0
2013-01-16,SZE_002489,1.7910018199,9.17,0.0,13747.8,家居用品,48183.0
2013-01-17,SZE_002489,1.7617051708,9.02,0.0,13747.8,家居用品,48183.0
2013-01-18,SZE_002489,1.7831893802,9.13,0.0,13747.8,家居用品,48183.0
2013-01-21,SZE_002489,1.8359233487,9.4,0.0,13747.8,家居用品,48183.0
2013-01-22,SZE_002489,1.8046735896,9.24,0.0,13747.8,家居用品,48183.0
2013-01-23,SZE_002489,1.8730324376,9.59,0.0,13747.8,家居用品,48183.0
2013-01-24,SZE_002489,1.8554544481,9.5,0.0,13747.8,家居用品,48183.0
2013-01-25,SZE_002489,1.824204689,9.34,0.0,13747.8,家居用品,48183.0
2013-01-28,SZE_002489,1.8437357885,9.44,0.0,13747.8,家居用品,48183.0
2013-01-29,SZE_002489,1.824204689,9.34,0.0,13747.8,家居用品,48183.0
2013-01-30,SZE_002489,1.7773300503,9.1,0.0,13747.8,家居用品,48183.0
2013-01-31,SZE_002489,1.8066266995,9.25,0.0,13747.8,家居用品,48183.0
2013-02-01,SZE_002489,1.8066266995,9.25,0.0,13747.8,家居用品,48183.0
2013-02-04,SZE_002489,1.8378764586,9.41,0.0,13747.8,家居用品,48183.0
2013-02-05,SZE_002489,1.8417826785,9.43,0.0,13747.8,家居用品,48183.0
2013-02-06,SZE_002489,1.826157799,9.35,0.0,13747.8,家居用品,48183.0
2013-02-07,SZE_002489,1.8163922492,9.3,0.0,13747.8,家居用品,47818.4
2013-02-08,SZE_002489,1.8417826785,9.43,0.0,13747.8,家居用品,47818.4
2013-02-18,SZE_002489,1.8378764586,9.41,0.0,13747.8,家居用品,47818.4
2013-02-19,SZE_002489,1.8066266995,9.25,0.0,13747.8,家居用品,47818.4
2013-02-20,SZE_002489,1.8339702387,9.39,0.0,13747.8,家居用品,47818.4
2013-02-21,SZE_002489,1.78904871,9.16,0.0,13747.8,家居用品,47818.4
2013-02-22,SZE_002489,1.8066266995,9.25,0.0,13747.8,家居用品,47818.4
2013-02-25,SZE_002489,1.8066266995,9.25,0.0,13747.8,家居用品,47818.4
2013-02-26,SZE_002489,1.751939621,8.97,0.0,13747.8,家居用品,47818.4
2013-02-27,SZE_002489,1.7324085216,8.87,0.0,13747.8,家居用品,47818.4
2013-02-28,SZE_002489,1.7597520608,9.01,0.0,13747.8,家居用品,47818.4
2013-03-01,SZE_002489,1.7831893802,9.13,0.0,13747.8,家居用品,47818.4
2013-03-04,SZE_002489,1.7070180923,8.74,0.0,13747.8,家居用品,47818.4
2013-03-05,SZE_002489,1.7480334011,8.95,0.0,13747.8,家居用品,47818.4
2013-03-06,SZE_002489,1.7675645006,9.05,0.0,13747.8,家居用品,47818.4
2013-03-07,SZE_002489,1.7558458409,8.99,0.0,13747.8,家居用品,47818.4
2013-03-08,SZE_002489,1.751939621,8.97,0.0,13747.8,家居用品,47818.4
2013-03-11,SZE_002489,1.7734238304,9.08,0.0,13747.8,家居用品,47818.4
2013-03-12,SZE_002489,1.718736752,8.8,0.0,13747.8,家居用品,47818.4
2013-03-13,SZE_002489,1.7031118724,8.72,0.0,13747.8,家居用品,47818.4
2013-03-14,SZE_002489,1.7050649823,8.73,0.0,13747.8,家居用品,47818.4
2013-03-15,SZE_002489,1.7148305321,8.78,0.0,13747.8,家居用品,47818.4
2013-03-18,SZE_002489,1.6855338829,8.63,0.0,13747.8,家居用品,47818.4
2013-03-19,SZE_002489,1.6640496735,8.52,0.0,13747.8,家居用品,47818.4
2013-03-20,SZE_002489,1.7109243122,8.76,0.0,13747.8,家居用品,47818.4
2013-03-21,SZE_002489,1.7617051708,9.02,0.0,13747.8,家居用品,47818.4
2013-03-22,SZE_002489,1.8066266995,9.25,0.0,13747.8,家居用品,47818.4
2013-03-25,SZE_002489,1.7675645006,9.05,0.0,13747.8,家居用品,47818.4
2013-03-26,SZE_002489,1.7460802912,8.94,0.0,13747.8,家居用品,47818.4
2013-03-27,SZE_002489,1.7558458409,8.99,0.0,13747.8,家居用品,47818.4
2013-03-28,SZE_002489,1.7011587624,8.71,0.0,13747.8,家居用品,47818.4
2013-03-29,SZE_002489,1.7011587624,8.71,0.0,13747.8,家居用品,47818.4
2013-04-01,SZE_002489,1.7011587624,8.71,0.0,13747.8,家居用品,47818.4
2013-04-02,SZE_002489,1.6855338829,8.63,0.0,13747.8,家居用品,47818.4
2013-04-03,SZE_002489,1.6660027834,8.53,0.0,13747.8,家居用品,47818.4
2013-04-08,SZE_002489,1.6386592442,8.39,0.0,13747.8,家居用品,47818.4
2013-04-09,SZE_002489,1.6523310138,8.46,0.0,13747.8,家居用品,47818.4
2013-04-10,SZE_002489,1.6562372337,8.48,0.0,13747.8,家居用品,47818.4
2013-04-11,SZE_002489,1.6503779039,8.45,0.0,13747.8,家居用品,47818.4
2013-04-12,SZE_002489,1.6367061343,8.38,0.0,13747.8,家居用品,47818.4
2013-04-15,SZE_002489,1.6152219249,8.27,0.0,13747.8,家居用品,47818.4
2013-04-16,SZE_002489,1.6171750348,8.28,0.0,13747.8,家居用品,47818.4
2013-04-17,SZE_002489,1.6367061343,8.38,0.0,13747.8,家居用品,47818.4
2013-04-18,SZE_002489,1.6367061343,8.38,0.0,13747.8,家居用品,47818.4
2013-04-19,SZE_002489,1.6581903437,8.49,0.0,13747.8,家居用品,47818.4
2013-04-22,SZE_002489,1.7206898619,8.81,0.0,13747.8,家居用品,47818.4
2013-04-23,SZE_002489,1.6542841238,8.47,0.0,13747.8,家居用品,47818.4
2013-04-24,SZE_002489,1.679674553,8.6,0.0,13747.8,家居用品,47818.4
2013-04-25,SZE_002489,1.644518574,8.42,0.0,13747.8,家居用品,47818.4
2013-04-26,SZE_002489,1.7324085216,8.87,0.0,13747.8,家居用品,47818.4
2013-05-02,SZE_002489,1.826157799,9.35,0.0,13747.8,家居用品,47818.4
2013-05-03,SZE_002489,1.8495951183,9.47,0.0,13747.8,家居用品,47818.4
2013-05-06,SZE_002489,1.8535013382,9.49,0.0,13747.8,家居用品,47818.4
2013-05-07,SZE_002489,1.8359233487,9.4,0.0,13747.8,家居用品,47818.4
2013-05-08,SZE_002489,1.8339702387,9.39,0.0,13747.8,家居用品,47818.4
2013-05-09,SZE_002489,1.8144391393,9.29,0.0,13747.8,家居用品,47818.4
2013-05-10,SZE_002489,1.9609223852,10.04,0.0,13747.8,家居用品,47818.4
2013-05-13,SZE_002489,1.9745941548,10.11,0.0,13747.8,家居用品,47818.4
2013-05-14,SZE_002489,2.003890804,10.26,0.0,13747.8,家居用品,47818.4
2013-05-15,SZE_002489,2.0058439139,10.27,0.0,13747.8,家居用品,47818.4
2013-05-16,SZE_002489,2.0195156836,10.34,0.0,13747.8,家居用品,47818.4
2013-05-17,SZE_002489,2.0033433858,9.91,0.0,13747.8,家居用品,47818.4
2013-05-20,SZE_002489,2.0276018324,10.03,0.0,13747.8,家居用品,47818.4
2013-05-21,SZE_002489,2.0276018324,10.03,0.0,13747.8,家居用品,47818.4
2013-05-22,SZE_002489,2.005364923,9.92,0.0,13747.8,家居用品,47818.4
2013-05-23,SZE_002489,1.9568480297,9.68,0.0,13747.8,家居用品,47818.4
2013-05-24,SZE_002489,1.9952572369,9.87,0.0,13747.8,家居用品,47818.4
2013-05-27,SZE_002489,2.1165494701,10.47,0.0,13747.8,家居用品,47818.4
2013-05-28,SZE_002489,2.0882479491,10.33,0.0,13747.8,家居用品,47818.4
2013-05-29,SZE_002489,2.1003771724,10.39,0.0,13747.8,家居用品,47818.4
2013-05-30,SZE_002489,2.0821833374,10.3,0.0,13747.8,家居用品,47818.4
2013-05-31,SZE_002489,2.0518602791,10.15,0.0,13747.8,家居用品,47818.4
2013-06-03,SZE_002489,2.041752593,10.1,0.0,13747.8,家居用品,47818.4
2013-06-04,SZE_002489,1.9608911041,9.7,0.0,13747.8,家居用品,47818.4
2013-06-05,SZE_002489,1.9669557158,9.73,0.0,13747.8,家居用品,47818.4
2013-06-06,SZE_002489,1.922481897,9.51,0.0,13747.8,家居用品,47818.4
2013-06-07,SZE_002489,1.8921588386,9.36,0.0,13747.8,家居用品,47818.4
2013-06-13,SZE_002489,1.8254481104,9.03,0.0,13747.8,家居用品,47818.4
2013-06-14,SZE_002489,1.8658788548,9.23,0.0,13747.8,家居用品,47818.4
2013-06-17,SZE_002489,1.8577927059,9.19,0.0,13747.8,家居用品,47818.4
2013-06-18,SZE_002489,1.8780080781,9.29,0.0,13747.8,家居用品,47818.4
2013-06-19,SZE_002489,1.904288062,9.42,0.0,13747.8,家居用品,47818.4
2013-06-20,SZE_002489,1.8557711687,9.18,0.0,13747.8,家居用品,47818.4
2013-06-21,SZE_002489,1.9002449875,9.4,0.0,13747.8,家居用品,47818.4
2013-06-24,SZE_002489,1.795125052,8.88,0.0,13747.8,家居用品,47818.4
2013-06-25,SZE_002489,1.8234265731,9.02,0.0,13747.8,家居用品,47818.4
2013-06-26,SZE_002489,1.8274696476,9.04,0.0,13747.8,家居用品,47818.4
2013-06-27,SZE_002489,1.7284143238,8.55,0.0,13747.8,家居用品,47818.4
2013-06-28,SZE_002489,1.766823531,8.74,0.0,13747.8,家居用品,47818.4
2013-07-01,SZE_002489,1.766823531,8.74,0.0,13746.8,家居用品,47818.4
2013-07-02,SZE_002489,1.7850173659,8.83,0.0,13746.8,家居用品,47818.4
2013-07-03,SZE_002489,1.7466081587,8.64,0.0,13746.8,家居用品,47818.4
2013-07-04,SZE_002489,1.7587373821,8.7,0.0,13746.8,家居用品,47818.4
2013-07-05,SZE_002489,1.7607589193,8.71,0.0,13746.8,家居用品,47818.4
2013-07-08,SZE_002489,1.6819189677,8.32,0.0,13746.8,家居用品,47818.4
2013-07-09,SZE_002489,1.6900051166,8.36,0.0,13746.8,家居用品,47818.4
2013-07-10,SZE_002489,1.7607589193,8.71,0.0,13746.8,家居用品,47818.4
2013-07-11,SZE_002489,1.7991681265,8.9,0.0,13746.8,家居用品,47818.4
2013-07-12,SZE_002489,1.7607589193,8.71,0.0,13746.8,家居用品,47818.4
2013-07-15,SZE_002489,1.7991681265,8.9,0.0,13746.8,家居用品,47818.4
2013-07-16,SZE_002489,1.8335342592,9.07,0.0,13746.8,家居用品,47818.4
2013-07-17,SZE_002489,1.7910819776,8.86,0.0,13746.8,家居用品,47818.4
2013-07-18,SZE_002489,1.867900392,9.24,0.0,13746.8,家居用品,47818.4
2013-07-19,SZE_002489,1.8193834987,9.0,0.0,13746.8,家居用品,47818.4
2013-07-22,SZE_002489,1.9548264925,9.67,0.0,13746.8,家居用品,47818.4
2013-07-23,SZE_002489,1.9709987903,9.75,0.0,13746.8,家居用品,47818.4
2013-07-24,SZE_002489,1.9891926252,9.84,0.0,13746.8,家居用品,47818.4
2013-07-25,SZE_002489,1.9245034342,9.52,0.0,13746.8,家居用品,47818.4
2013-07-26,SZE_002489,1.9386541947,9.59,0.0,13746.8,家居用品,47818.4
2013-07-29,SZE_002489,1.8759865409,9.28,0.0,13746.8,家居用品,47818.4
2013-07-30,SZE_002489,1.8416204081,9.11,0.0,13746.8,家居用品,47818.4
2013-07-31,SZE_002489,1.8577927059,9.19,0.0,13746.8,家居用品,47818.4
2013-08-01,SZE_002489,1.9143957481,9.47,0.0,13746.8,家居用品,47818.4
2013-08-02,SZE_002489,1.9467403436,9.63,0.0,13746.8,家居用品,47818.4
2013-08-05,SZE_002489,1.9891926252,9.84,0.0,13746.8,家居用品,47818.4
2013-08-06,SZE_002489,2.0255802952,10.02,0.0,13746.8,家居用品,47818.4
2013-08-07,SZE_002489,1.9851495508,9.82,0.0,13746.8,家居用品,47818.4
2013-08-08,SZE_002489,1.987171088,9.83,0.0,13746.8,家居用品,47818.4
2013-08-09,SZE_002489,2.041752593,10.1,0.0,13746.8,家居用品,47818.4
2013-08-12,SZE_002489,2.041752593,10.1,0.0,13746.8,家居用品,47818.4
2013-08-13,SZE_002489,2.023558758,10.01,0.0,13746.8,家居用品,47818.4
2013-08-14,SZE_002489,1.9912141625,9.85,0.0,13746.8,家居用品,47818.4
2013-08-15,SZE_002489,1.9831280136,9.81,0.0,13746.8,家居用品,47818.4
2013-08-16,SZE_002489,1.9891926252,9.84,0.0,13746.8,家居用品,47818.4
2013-08-19,SZE_002489,2.1044202468,10.41,0.0,13746.8,家居用品,47818.4
2013-08-20,SZE_002489,2.0296233697,10.04,0.0,13746.8,家居用品,47818.4
2013-08-21,SZE_002489,2.0457956674,10.12,0.0,13746.8,家居用品,47818.4
2013-08-22,SZE_002489,2.005364923,9.92,0.0,13746.8,家居用品,47818.4
2013-08-23,SZE_002489,1.9972787741,9.88,0.0,13746.8,家居用品,47818.4
2013-08-26,SZE_002489,2.0397310558,10.09,0.0,13746.8,家居用品,47818.4
2013-08-27,SZE_002489,2.0437741302,10.11,0.0,13746.8,家居用品,47818.4
2013-08-28,SZE_002489,1.987171088,9.83,0.0,13746.8,家居用品,47818.4
2013-08-29,SZE_002489,1.9730203275,9.76,0.0,13746.8,家居用品,47818.4
2013-08-30,SZE_002489,1.9325895831,9.56,0.0,13746.8,家居用品,47818.4
2013-09-02,SZE_002489,1.9993003113,9.89,0.0,13746.8,家居用品,47818.4
2013-09-03,SZE_002489,2.0174941463,9.98,0.0,13746.8,家居用品,47818.4
2013-09-04,SZE_002489,1.9891926252,9.84,0.0,13746.8,家居用品,47818.4
2013-09-05,SZE_002489,2.0195156836,9.99,0.0,13746.8,家居用品,47818.4
2013-09-06,SZE_002489,2.0538818163,10.16,0.0,13746.8,家居用品,47818.4
2013-09-09,SZE_002489,2.0619679652,10.2,0.0,13746.8,家居用品,47818.4
2013-09-10,SZE_002489,2.0619679652,10.2,0.0,13746.8,家居用品,47818.4
2013-09-11,SZE_002489,2.106441784,10.42,0.0,13746.8,家居用品,47818.4
2013-09-12,SZE_002489,2.233798629,11.05,0.0,13746.8,家居用品,47818.4
2013-09-13,SZE_002489,2.2358201662,11.06,0.0,13746.8,家居用品,47818.4
2013-09-16,SZE_002489,2.2924232084,11.34,0.0,13746.8,家居用品,47818.4
2013-09-17,SZE_002489,2.2883801339,11.32,0.0,13746.8,家居用品,47818.4
2013-09-18,SZE_002489,2.2843370595,11.3,0.0,13746.8,家居用品,47818.4
2013-09-23,SZE_002489,2.3773277716,11.76,0.0,13746.8,家居用品,47818.4
2013-09-24,SZE_002489,2.3389185644,11.57,0.0,13746.8,家居用品,47818.4
2013-09-25,SZE_002489,2.3146601178,11.45,0.0,13746.8,家居用品,47818.4
2013-09-26,SZE_002489,2.2439063151,11.1,0.0,13746.8,家居用品,47818.4
2013-09-27,SZE_002489,2.2034755706,10.9,0.0,13746.8,家居用品,47818.4
2013-09-30,SZE_002489,2.2459278523,11.11,0.0,13746.8,家居用品,47818.4
2013-10-08,SZE_002489,2.2681647617,11.22,0.0,13746.8,家居用品,47818.4
2013-10-09,SZE_002489,2.2519924639,11.14,0.0,13746.8,家居用品,47818.4
2013-10-10,SZE_002489,2.3025308945,11.39,0.0,13746.8,家居用品,47818.4
2013-10-11,SZE_002489,2.3247678039,11.5,0.0,13746.8,家居用品,47818.4
2013-10-14,SZE_002489,2.316681655,11.46,0.0,13746.8,家居用品,47818.4
2013-10-15,SZE_002489,2.2257124801,11.01,0.0,13746.8,家居用品,47818.4
2013-10-16,SZE_002489,2.1327217679,10.55,0.0,13746.8,家居用品,47818.4
2013-10-17,SZE_002489,2.1387863796,10.58,0.0,13746.8,家居用品,47818.4
2013-10-18,SZE_002489,2.0983556352,10.38,0.0,13746.8,家居用品,47818.4
2013-10-21,SZE_002489,2.1650663634,10.71,0.0,16365.6,家居用品,47818.4
2013-10-22,SZE_002489,2.1731525123,10.75,0.0,16365.6,家居用品,47818.4
2013-10-23,SZE_002489,2.1145279329,10.46,0.0,16365.6,家居用品,47818.4
2013-10-24,SZE_002489,2.106441784,10.42,0.0,16365.6,家居用品,47818.4
2013-10-25,SZE_002489,2.0963340979,10.37,0.0,16365.6,家居用品,47818.4
2013-10-28,SZE_002489,2.1569802146,10.67,0.0,16365.6,家居用品,47818.4
2013-10-29,SZE_002489,2.0478172046,10.13,0.0,16365.6,家居用品,47818.4
2013-10-30,SZE_002489,2.0639895024,10.21,0.0,16365.6,家居用品,47818.4
2013-10-31,SZE_002489,2.0174941463,9.98,0.0,16365.6,家居用品,47818.4
2013-11-01,SZE_002489,2.023558758,10.01,0.0,16365.6,家居用品,47818.4
2013-11-04,SZE_002489,2.0457956674,10.12,0.0,16365.6,家居用品,47818.4
2013-11-05,SZE_002489,2.0518602791,10.15,0.0,16365.6,家居用品,47818.4
2013-11-06,SZE_002489,2.0195156836,9.99,0.0,16365.6,家居用品,47818.4
2013-11-07,SZE_002489,1.9669557158,9.73,0.0,16365.6,家居用品,47818.4
2013-11-08,SZE_002489,1.9204603597,9.5,0.0,16365.6,家居用品,47818.4
2013-11-11,SZE_002489,1.9406757319,9.6,0.0,16365.6,家居用品,47818.4
2013-11-12,SZE_002489,1.9709987903,9.75,0.0,16365.6,家居用品,47818.4
2013-11-13,SZE_002489,1.922481897,9.51,0.0,16365.6,家居用品,47818.4
2013-11-14,SZE_002489,1.9608911041,9.7,0.0,16365.6,家居用品,47818.4
2013-11-15,SZE_002489,2.0073864602,9.93,0.0,16365.6,家居用品,47818.4
2013-11-18,SZE_002489,2.0457956674,10.12,0.0,16365.6,家居用品,47818.4
2013-11-19,SZE_002489,2.0700541141,10.24,0.0,16365.6,家居用品,47818.4
2013-11-20,SZE_002489,2.0559033535,10.17,0.0,16365.6,家居用品,47818.4
2013-11-21,SZE_002489,2.0518602791,10.15,0.0,16365.6,家居用品,47818.4
2013-11-22,SZE_002489,2.0356879813,10.07,0.0,16365.6,家居用品,47818.4
2013-11-25,SZE_002489,2.0579248907,10.18,0.0,16365.6,家居用品,47818.4
2013-11-26,SZE_002489,2.0518602791,10.15,0.0,16365.6,家居用品,47818.4
2013-11-27,SZE_002489,2.0660110396,10.22,0.0,16365.6,家居用品,47818.4
2013-11-28,SZE_002489,2.0943125607,10.36,0.0,16365.6,家居用品,47818.4
2013-11-29,SZE_002489,2.0680325768,10.23,0.0,16365.6,家居用品,47818.4
2013-12-02,SZE_002489,1.9346111203,9.57,0.0,16365.6,家居用品,47818.4
2013-12-03,SZE_002489,1.9790849391,9.79,0.0,16365.6,家居用品,47818.4
2013-12-04,SZE_002489,2.0195156836,9.99,0.0,16365.6,家居用品,47818.4
2013-12-05,SZE_002489,2.0478172046,10.13,0.0,16365.6,家居用品,47818.4
2013-12-06,SZE_002489,2.0478172046,10.13,0.0,16365.6,家居用品,47818.4
2013-12-09,SZE_002489,2.0720756513,10.25,0.0,16365.6,家居用品,47818.4
2013-12-10,SZE_002489,2.078140263,10.28,0.0,16365.6,家居用品,47818.4
2013-12-11,SZE_002489,2.0316449069,10.05,0.0,16365.6,家居用品,47818.4
2013-12-12,SZE_002489,2.0316449069,10.05,0.0,16365.6,家居用品,47818.4
2013-12-13,SZE_002489,2.0397310558,10.09,0.0,16365.6,家居用品,47818.4
2013-12-16,SZE_002489,2.0862264118,10.32,0.0,16365.6,家居用品,47818.4
2013-12-17,SZE_002489,2.0559033535,10.17,0.0,16365.6,家居用品,47818.4
2013-12-18,SZE_002489,2.0397310558,10.09,0.0,16365.6,家居用品,47818.4
2013-12-19,SZE_002489,2.0821833374,10.3,0.0,16365.6,家居用品,47818.4
2013-12-20,SZE_002489,2.0801618002,10.29,0.0,16365.6,家居用品,47818.4
2013-12-23,SZE_002489,2.0013218486,9.9,0.0,16365.6,家居用品,47818.4
2013-12-24,SZE_002489,2.0114295347,9.95,0.0,16365.6,家居用品,47818.4
2013-12-25,SZE_002489,2.0619679652,10.2,0.0,16365.6,家居用品,47818.4
2013-12-26,SZE_002489,2.0013218486,9.9,0.0,16365.6,家居用品,47818.4
2013-12-27,SZE_002489,2.0397310558,10.09,0.0,16365.6,家居用品,47818.4
2013-12-30,SZE_002489,2.0660110396,10.22,0.0,16365.6,家居用品,47818.4
2013-12-31,SZE_002489,2.0619679652,10.2,0.0,37879.5,家居用品,47818.4
2014-01-02,SZE_002489,2.0842048746,10.31,0.0,37879.5,家居用品,47818.4
2014-01-03,SZE_002489,2.2176263312,10.97,0.0,37879.5,家居用品,47818.4
2014-01-06,SZE_002489,2.1873032729,10.82,0.0,37879.5,家居用品,47818.4
2014-01-07,SZE_002489,2.2439063151,11.1,0.0,37879.5,家居用品,47818.4
2014-01-08,SZE_002489,2.2418847778,11.09,0.0,37879.5,家居用品,47818.4
2014-01-09,SZE_002489,2.1812386612,10.79,0.0,37879.5,家居用品,47818.4
2014-01-10,SZE_002489,2.161023289,10.69,0.0,37879.5,家居用品,47818.4
2014-01-13,SZE_002489,2.1165494701,10.47,0.0,37879.5,家居用品,47818.4
2014-01-14,SZE_002489,2.2176263312,10.97,0.0,37879.5,家居用品,47818.4
2014-01-15,SZE_002489,2.2236909428,11.0,0.0,37879.5,家居用品,47818.4
2014-01-16,SZE_002489,2.1751740495,10.76,0.0,37879.5,家居用品,47818.4
2014-01-17,SZE_002489,2.2843370595,11.3,0.0,37879.5,家居用品,47818.4
2014-01-20,SZE_002489,2.3611554739,11.68,0.0,37879.5,家居用品,47818.4
2014-01-21,SZE_002489,2.3874354577,11.81,0.0,37879.5,家居用品,47818.4
2014-01-22,SZE_002489,2.4319092766,12.03,0.0,37879.5,家居用品,47818.4
2014-01-23,SZE_002489,2.5289430632,12.51,0.0,37879.5,家居用品,47818.4
2014-01-24,SZE_002489,2.6765152803,13.24,0.0,37879.5,家居用品,47818.4
2014-01-27,SZE_002489,2.5875676426,12.8,0.0,37879.5,家居用品,47818.4
2014-01-28,SZE_002489,2.6421491475,13.07,0.0,37879.5,家居用品,47818.4
2014-01-29,SZE_002489,2.682579892,13.27,0.0,37879.5,家居用品,47818.4
2014-01-30,SZE_002489,2.6482137592,13.1,0.0,37879.5,家居用品,47818.4
2014-02-07,SZE_002489,2.6704506686,13.21,0.0,37879.5,家居用品,47818.4
2014-02-10,SZE_002489,2.6744937431,13.23,0.0,37879.5,家居用品,47818.4
2014-02-11,SZE_002489,2.5248999887,12.49,0.0,37879.5,家居用品,47818.4
2014-02-12,SZE_002489,2.5693738076,12.71,0.0,37879.5,家居用品,47818.4
2014-02-13,SZE_002489,2.5228784515,12.48,0.0,37879.5,家居用品,47818.4
2014-02-14,SZE_002489,2.6219337753,12.97,0.0,37879.5,家居用品,47818.4
2014-02-17,SZE_002489,2.7230106364,13.47,0.0,37879.5,家居用品,47818.4
2014-02-18,SZE_002489,2.8099367369,13.9,0.0,37879.5,家居用品,47818.4
2014-02-19,SZE_002489,2.7856782902,13.78,0.0,37879.5,家居用品,47818.4
2014-02-20,SZE_002489,2.646192222,13.09,0.0,37879.5,家居用品,47818.4
2014-02-21,SZE_002489,2.5673522704,12.7,0.0,37879.5,家居用品,47818.4
2014-02-24,SZE_002489,2.627998387,13.0,0.0,37879.5,家居用品,47818.4
2014-02-25,SZE_002489,2.4864907815,12.3,0.0,37879.5,家居用品,47818.4
2014-02-26,SZE_002489,2.4804261699,12.27,0.0,37879.5,家居用品,47818.4
2014-02-27,SZE_002489,2.4379738883,12.06,0.0,37879.5,家居用品,47818.4
2014-02-28,SZE_002489,2.4703184838,12.22,0.0,37879.5,家居用品,47818.4
2014-03-03,SZE_002489,2.4945769304,12.34,0.0,37879.5,家居用品,47818.4
2014-03-04,SZE_002489,2.4501031116,12.12,0.0,37879.5,家居用品,47818.4
2014-03-05,SZE_002489,2.3753062344,11.75,0.0,37879.5,家居用品,47818.4
2014-03-06,SZE_002489,2.4885123188,12.31,0.0,37879.5,家居用品,47818.4
2014-03-07,SZE_002489,2.4844692443,12.29,0.0,37879.5,家居用品,47818.4
2014-03-10,SZE_002489,2.3651985483,11.7,0.0,37879.5,家居用品,47818.4
2014-03-11,SZE_002489,2.37126316,11.73,0.0,37879.5,家居用品,47818.4
2014-03-12,SZE_002489,2.3591339366,11.67,0.0,37879.5,家居用品,47818.4
2014-03-13,SZE_002489,2.3732846972,11.74,0.0,37879.5,家居用品,47818.4
2014-03-14,SZE_002489,2.2843370595,11.3,0.0,37879.5,家居用品,47818.4
2014-03-17,SZE_002489,2.3813708461,11.78,0.0,37879.5,家居用品,47818.4
2014-03-18,SZE_002489,2.4662754093,12.2,0.0,37879.5,家居用品,47818.4
2014-03-19,SZE_002489,2.454146186,12.14,0.0,37879.5,家居用品,47818.4
2014-03-20,SZE_002489,2.4015862183,11.88,0.0,37879.5,家居用品,47818.4
2014-03-21,SZE_002489,2.4864907815,12.3,0.0,37879.5,家居用品,47818.4
2014-03-24,SZE_002489,2.5936322542,12.83,0.0,37879.5,家居用品,47818.4
2014-03-25,SZE_002489,2.5633091959,12.68,0.0,37879.5,家居用品,47818.4
2014-03-26,SZE_002489,2.5471368982,12.6,0.0,37879.5,家居用品,47818.4
2014-03-27,SZE_002489,2.5491584354,12.61,0.0,37879.5,家居用品,47818.4
2014-03-28,SZE_002489,2.4521246488,12.13,0.0,37879.5,家居用品,47818.4
2014-03-31,SZE_002489,2.4622323349,12.18,0.0,37879.5,家居用品,47818.4
2014-04-01,SZE_002489,2.6259768498,12.99,0.0,37879.5,家居用品,47818.4
2014-04-02,SZE_002489,2.627998387,13.0,0.0,37879.5,家居用品,47818.4
2014-04-03,SZE_002489,2.6138476265,12.93,0.0,37879.5,家居用品,47818.4
2014-04-04,SZE_002489,2.6866229664,13.29,0.0,37879.5,家居用品,47818.4
2014-04-08,SZE_002489,2.545115361,12.59,0.0,37879.5,家居用品,47818.4
2014-04-09,SZE_002489,2.5673522704,12.7,0.0,37879.5,家居用品,47818.4
2014-04-10,SZE_002489,2.5350076748,12.54,0.0,37879.5,家居用品,47818.4
2014-04-11,SZE_002489,2.5370292121,12.55,0.0,37879.5,家居用品,47818.4
2014-04-14,SZE_002489,2.4885123188,12.31,0.0,37879.5,家居用品,47818.4
2014-04-15,SZE_002489,2.4339308138,12.04,0.0,37879.5,家居用品,47818.4
2014-04-16,SZE_002489,2.4440384999,12.09,0.0,37879.5,家居用品,47818.4
2014-04-17,SZE_002489,2.4319092766,12.03,0.0,37879.5,家居用品,47818.4
2014-04-18,SZE_002489,2.4521246488,12.13,0.0,37879.5,家居用品,47818.4
2014-04-21,SZE_002489,2.3005093572,11.38,0.0,37879.5,家居用品,47818.4
2014-04-22,SZE_002489,2.2378417034,11.07,0.0,37879.5,家居用品,47818.4
2014-04-23,SZE_002489,2.233798629,11.05,0.0,37879.5,家居用品,47818.4
2014-04-24,SZE_002489,2.1549586773,10.66,0.0,37879.5,家居用品,47818.4
2014-04-25,SZE_002489,2.1873032729,10.82,0.0,37879.5,家居用品,47818.4
2014-04-28,SZE_002489,2.1771955868,10.77,0.0,37879.5,家居用品,47818.4
2014-04-29,SZE_002489,2.179217124,10.78,0.0,37879.5,家居用品,47818.4
2014-04-30,SZE_002489,2.1812386612,10.79,0.0,37879.5,家居用品,47818.4
2014-05-05,SZE_002489,2.1630448262,10.7,0.0,37879.5,家居用品,47818.4
2014-05-06,SZE_002489,2.1549586773,10.66,0.0,37879.5,家居用品,47818.4
2014-05-07,SZE_002489,2.0842048746,10.31,0.0,37879.5,家居用品,47818.4
2014-05-08,SZE_002489,2.0660110396,10.22,0.0,37879.5,家居用品,47818.4
2014-05-09,SZE_002489,2.0842048746,10.31,0.0,37879.5,家居用品,47818.4
2014-05-12,SZE_002489,2.1569802146,10.67,0.0,37879.5,家居用品,47818.4
2014-05-13,SZE_002489,2.1266571563,10.52,0.0,37879.5,家居用品,47818.4
2014-05-14,SZE_002489,2.1691094379,10.73,0.0,37879.5,家居用品,47818.4
2014-05-15,SZE_002489,2.1590017518,10.68,0.0,37879.5,家居用品,47818.4
2014-05-16,SZE_002489,2.1059810801,9.93,0.0,37879.5,家居用品,47818.4
2014-05-19,SZE_002489,2.0359937934,9.6,0.0,37879.5,家居用品,47818.4
2014-05-20,SZE_002489,2.0550812352,9.69,0.0,37879.5,家居用品,47818.4
2014-05-21,SZE_002489,2.0932561189,9.87,0.0,37879.5,家居用品,47818.4
2014-05-22,SZE_002489,2.0826519845,9.82,0.0,37879.5,家居用品,47818.4
2014-05-23,SZE_002489,2.0805311577,9.81,0.0,37879.5,家居用品,47818.4
2014-05-26,SZE_002489,2.1483976174,10.13,0.0,37879.5,家居用品,47818.4
2014-05-27,SZE_002489,2.1271893488,10.03,0.0,37879.5,家居用品,47818.4
2014-05-28,SZE_002489,2.1377934831,10.08,0.0,37879.5,家居用品,47818.4
2014-05-29,SZE_002489,2.1144643876,9.97,0.0,37879.5,家居用品,47818.4
2014-05-30,SZE_002489,2.0974977726,9.89,0.0,37879.5,家居用品,47818.4
2014-06-03,SZE_002489,2.0784103308,9.8,0.0,37879.5,家居用品,47818.4
2014-06-04,SZE_002489,2.0402354472,9.62,0.0,37879.5,家居用品,47818.4
2014-06-05,SZE_002489,2.0805311577,9.81,0.0,37879.5,家居用品,47818.4
2014-06-06,SZE_002489,2.0614437158,9.72,0.0,37879.5,家居用品,47818.4
2014-06-09,SZE_002489,2.0338729666,9.59,0.0,37879.5,家居用品,47818.4
2014-06-10,SZE_002489,2.0572020621,9.7,0.0,37879.5,家居用品,47818.4
2014-06-11,SZE_002489,2.0741686771,9.78,0.0,37879.5,家居用品,47818.4
2014-06-12,SZE_002489,2.0635645427,9.73,0.0,37879.5,家居用品,47818.4
2014-06-13,SZE_002489,2.0996185995,9.9,0.0,37879.5,家居用品,47818.4
2014-06-16,SZE_002489,2.1144643876,9.97,0.0,37879.5,家居用品,47818.4
2014-06-17,SZE_002489,2.0953769457,9.88,0.0,37879.5,家居用品,47818.4
2014-06-18,SZE_002489,2.0508395815,9.67,0.0,37879.5,家居用品,47818.4
2014-06-19,SZE_002489,1.9872147755,9.37,0.0,37879.5,家居用品,47818.4
2014-06-20,SZE_002489,1.9893356023,9.38,0.0,37879.5,家居用品,47818.4
2014-06-23,SZE_002489,1.946919065,9.18,0.0,37879.5,家居用品,47818.4
2014-06-24,SZE_002489,1.9999397367,9.43,0.0,37879.5,家居用品,47818.4
2014-06-25,SZE_002489,1.9872147755,9.37,0.0,37879.5,家居用品,47818.4
2014-06-26,SZE_002489,2.0253896591,9.55,0.0,37879.5,家居用品,47818.4
2014-06-27,SZE_002489,2.0656853696,9.74,0.0,37879.5,家居用品,47818.4
2014-06-30,SZE_002489,2.2099015966,10.42,0.0,38040.4,家居用品,47818.4
2014-07-01,SZE_002489,2.1992974623,10.37,0.0,38040.4,家居用品,47818.4
2014-07-02,SZE_002489,2.2904930176,10.8,0.0,38040.4,家居用品,47818.4
2014-07-03,SZE_002489,2.2501973071,10.61,0.0,38040.4,家居用品,47818.4
2014-07-04,SZE_002489,2.2374723459,10.55,0.0,38040.4,家居用品,47818.4
2014-07-07,SZE_002489,2.2544389609,10.63,0.0,38040.4,家居用品,47818.4
2014-07-08,SZE_002489,2.2459556534,10.59,0.0,38040.4,家居用品,47818.4
2014-07-09,SZE_002489,2.2501973071,10.61,0.0,38040.4,家居用品,47818.4
2014-07-10,SZE_002489,2.2480764802,10.6,0.0,38040.4,家居用品,47818.4
2014-07-11,SZE_002489,2.3498761699,11.08,0.0,38040.4,家居用品,47818.4
2014-07-14,SZE_002489,2.4113801491,11.37,0.0,38040.4,家居用品,47818.4
2014-07-15,SZE_002489,2.3710844386,11.18,0.0,38040.4,家居用品,47818.4
2014-07-16,SZE_002489,2.3583594774,11.12,0.0,38040.4,家居用品,47818.4
2014-07-17,SZE_002489,2.3350303818,11.01,0.0,38040.4,家居用品,47818.4
2014-07-18,SZE_002489,2.3371512087,11.02,0.0,38040.4,家居用品,47818.4
2014-07-21,SZE_002489,2.3286679012,10.98,0.0,38040.4,家居用品,47818.4
2014-07-22,SZE_002489,2.3838093998,11.24,0.0,38040.4,家居用品,47818.4
2014-07-23,SZE_002489,2.3074596326,10.88,0.0,38040.4,家居用品,47818.4
2014-07-24,SZE_002489,2.2629222683,10.67,0.0,38040.4,家居用品,47818.4
2014-07-25,SZE_002489,2.2311098653,10.52,0.0,38040.4,家居用品,47818.4
2014-07-28,SZE_002489,2.3032179788,10.86,0.0,38040.4,家居用品,47818.4
2014-07-29,SZE_002489,2.2862513639,10.78,0.0,38040.4,家居用品,47818.4
2014-07-30,SZE_002489,2.2883721907,10.79,0.0,38040.4,家居用品,47818.4
2014-07-31,SZE_002489,2.3498761699,11.08,0.0,38040.4,家居用品,47818.4
2014-08-01,SZE_002489,2.3223054206,10.95,0.0,38040.4,家居用品,47818.4
2014-08-04,SZE_002489,2.4028968416,11.33,0.0,38040.4,家居用品,47818.4
2014-08-05,SZE_002489,2.4516758596,11.56,0.0,38040.4,家居用品,47818.4
2014-08-06,SZE_002489,2.4877299163,11.73,0.0,38040.4,家居用品,47818.4
2014-08-07,SZE_002489,2.4516758596,11.56,0.0,38040.4,家居用品,47818.4
2014-08-08,SZE_002489,2.4686424745,11.64,0.0,38040.4,家居用品,47818.4
2014-08-11,SZE_002489,2.4813674357,11.7,0.0,38040.4,家居用品,47818.4
2014-08-12,SZE_002489,2.4537966865,11.57,0.0,38040.4,家居用品,47818.4
2014-08-13,SZE_002489,2.5068173582,11.82,0.0,38040.4,家居用品,47818.4
2014-08-14,SZE_002489,2.5195423194,11.88,0.0,38040.4,家居用品,47818.4
2014-08-15,SZE_002489,2.6022545672,12.27,0.0,38040.4,家居用品,47818.4
2014-08-18,SZE_002489,2.6001337404,12.26,0.0,38040.4,家居用品,47818.4
2014-08-19,SZE_002489,2.6128587016,12.32,0.0,38040.4,家居用品,47818.4
2014-08-20,SZE_002489,2.6361877971,12.43,0.0,38040.4,家居用品,47818.4
2014-08-21,SZE_002489,2.5810462985,12.17,0.0,38040.4,家居用品,47818.4
2014-08-22,SZE_002489,2.5852879523,12.19,0.0,38040.4,家居用品,47818.4
2014-08-25,SZE_002489,2.5874087792,12.2,0.0,38040.4,家居用品,47818.4
2014-08-26,SZE_002489,2.5259048,11.91,0.0,38040.4,家居用品,47818.4
2014-08-27,SZE_002489,2.5386297612,11.97,0.0,38040.4,家居用品,47818.4
2014-08-28,SZE_002489,2.4834882626,11.71,0.0,38040.4,家居用品,47818.4
2014-08-29,SZE_002489,2.5937712598,12.23,0.0,38040.4,家居用品,47818.4
2014-09-01,SZE_002489,2.6404294509,12.45,0.0,38040.4,家居用品,47818.4
2014-09-02,SZE_002489,2.6531544121,12.51,0.0,38040.4,家居用品,47818.4
2014-09-03,SZE_002489,2.638308624,12.44,0.0,38040.4,家居用品,47818.4
2014-09-04,SZE_002489,2.7167792181,12.81,0.0,38040.4,家居用品,47818.4
2014-09-05,SZE_002489,2.718900045,12.82,0.0,38040.4,家居用品,47818.4
2014-09-09,SZE_002489,2.6892084688,12.68,0.0,38040.4,家居用品,47818.4
2014-09-10,SZE_002489,2.7401083137,12.92,0.0,38040.4,家居用品,47818.4
2014-09-11,SZE_002489,2.6976917763,12.72,0.0,38040.4,家居用品,47818.4
2014-09-12,SZE_002489,2.7146583912,12.8,0.0,38040.4,家居用品,47818.4
2014-09-15,SZE_002489,2.8016122928,13.21,0.0,38040.4,家居用品,47818.4
2014-09-16,SZE_002489,2.6786043345,12.63,0.0,38040.4,家居用品,47818.4
2014-09-17,SZE_002489,2.750712448,12.97,0.0,38040.4,家居用品,47818.4
2014-09-18,SZE_002489,2.8588746183,13.48,0.0,38040.4,家居用品,47818.4
2014-09-19,SZE_002489,2.9161369437,13.75,0.0,38040.4,家居用品,47818.4
2014-09-22,SZE_002489,2.880082887,13.58,0.0,38040.4,家居用品,47818.4
2014-09-23,SZE_002489,2.8843245407,13.6,0.0,38040.4,家居用品,47818.4
2014-09-24,SZE_002489,2.9352243855,13.84,0.0,38040.4,家居用品,47818.4
2014-09-25,SZE_002489,2.8652370989,13.51,0.0,38040.4,家居用品,47818.4
2014-09-26,SZE_002489,2.8419080033,13.4,0.0,38040.4,家居用品,47818.4
2014-09-29,SZE_002489,2.9012911556,13.68,0.0,38040.4,家居用品,47818.4
2014-09-30,SZE_002489,2.9373452124,13.85,0.0,38040.4,家居用品,47818.4
2014-10-08,SZE_002489,2.9712784423,14.01,0.0,38040.4,家居用品,47818.4
2014-10-09,SZE_002489,2.9606743079,13.96,0.0,38040.4,家居用品,47818.4
2014-10-10,SZE_002489,3.0582323439,14.42,0.0,38040.4,家居用品,47818.4
2014-10-13,SZE_002489,3.0518698633,14.39,0.0,38040.4,家居用品,47818.4
2014-10-14,SZE_002489,3.0645948245,14.45,0.0,38040.4,家居用品,47818.4
2014-10-15,SZE_002489,3.0964072275,14.6,0.0,38040.4,家居用品,47818.4
2014-10-16,SZE_002489,3.0221782871,14.25,0.0,38040.4,家居用品,47818.4
2014-10-17,SZE_002489,3.024299114,14.26,0.0,38040.4,家居用品,47818.4
2014-10-20,SZE_002489,3.0964072275,14.6,0.0,38040.4,家居用品,47818.4
2014-10-21,SZE_002489,3.0921655738,14.58,0.0,38040.4,家居用品,47818.4
2014-10-22,SZE_002489,3.0539906901,14.4,0.0,38040.4,家居用品,47818.4
2014-10-23,SZE_002489,3.007332499,14.18,0.0,38040.4,家居用品,47818.4
2014-10-24,SZE_002489,3.0030908453,14.16,0.0,38040.4,家居用品,47818.4
2014-10-27,SZE_002489,2.975520096,14.03,0.0,38040.4,家居用品,47818.4
2014-10-28,SZE_002489,2.9224994243,13.78,0.0,38040.4,家居用品,47818.4
2014-10-29,SZE_002489,2.9012911556,13.68,0.0,38040.4,家居用品,47818.4
2014-10-30,SZE_002489,2.8928078482,13.64,0.0,38040.4,家居用品,47818.4
2014-10-31,SZE_002489,2.8843245407,13.6,0.0,38040.4,家居用品,47818.4
2014-11-03,SZE_002489,2.9097744631,13.72,0.0,38040.4,家居用品,47818.4
2014-11-04,SZE_002489,2.9224994243,13.78,0.0,38040.4,家居用品,47818.4
2014-11-05,SZE_002489,2.8461496571,13.42,0.0,38040.4,家居用品,47818.4
2014-11-06,SZE_002489,2.8206997346,13.3,0.0,38040.4,家居用品,47818.4
2014-11-07,SZE_002489,2.8525121377,13.45,0.0,38040.4,家居用品,47818.4
2014-11-10,SZE_002489,2.9076536362,13.71,0.0,38040.4,家居用品,47818.4
2014-11-11,SZE_002489,2.799491466,13.2,0.0,38040.4,家居用品,47818.4
2014-11-12,SZE_002489,2.863116272,13.5,0.0,38040.4,家居用品,47818.4
2014-11-13,SZE_002489,2.8991703288,13.67,0.0,38040.4,家居用品,47818.4
2014-11-14,SZE_002489,2.9034119825,13.69,0.0,38040.4,家居用品,47818.4
2014-11-17,SZE_002489,2.9564326542,13.94,0.0,38040.4,家居用品,47818.4
2014-11-18,SZE_002489,2.9521910005,13.92,0.0,38040.4,家居用品,47818.4
2014-11-19,SZE_002489,2.9564326542,13.94,0.0,38040.4,家居用品,47818.4
2014-11-20,SZE_002489,2.9012911556,13.68,0.0,38040.4,家居用品,47818.4
2014-11-21,SZE_002489,2.8843245407,13.6,0.0,38040.4,家居用品,47818.4
2014-11-24,SZE_002489,2.9288619049,13.81,0.0,38040.4,家居用品,47818.4
2014-11-25,SZE_002489,3.0327824215,14.3,0.0,38040.4,家居用品,47818.4
2014-11-26,SZE_002489,3.0094533259,14.19,0.0,38040.4,家居用品,47818.4
2014-11-27,SZE_002489,3.1303404574,14.76,0.0,38040.4,家居用品,47818.4
2014-11-28,SZE_002489,3.1600320336,14.9,0.0,38040.4,家居用品,47818.4
2014-12-01,SZE_002489,3.1515487261,14.86,0.0,38040.4,家居用品,47818.4
2014-12-02,SZE_002489,3.2088110515,15.13,0.0,38040.4,家居用品,47818.4
2014-12-03,SZE_002489,3.1939652634,15.06,0.0,38040.4,家居用品,47818.4
2014-12-04,SZE_002489,3.2575900695,15.36,0.0,38040.4,家居用品,47818.4
2014-12-05,SZE_002489,3.266073377,15.4,0.0,38040.4,家居用品,47818.4
2014-12-08,SZE_002489,3.2512275889,15.33,0.0,38040.4,家居用品,47818.4
2014-12-09,SZE_002489,3.0539906901,14.4,0.0,38040.4,家居用品,47818.4
2014-12-10,SZE_002489,3.1133738425,14.68,0.0,38040.4,家居用品,47818.4
2014-12-11,SZE_002489,3.1133738425,14.68,0.0,38040.4,家居用品,47818.4
2014-12-12,SZE_002489,3.1748778216,14.97,0.0,38040.4,家居用品,47818.4
2014-12-15,SZE_002489,3.2512275889,15.33,0.0,38040.4,家居用品,47818.4
2014-12-16,SZE_002489,3.2724358576,15.43,0.0,38040.4,家居用品,47818.4
2014-12-17,SZE_002489,3.1791194754,14.99,0.0,38040.4,家居用品,47818.4
2014-12-18,SZE_002489,3.2088110515,15.13,0.0,38040.4,家居用品,47818.4
2014-12-19,SZE_002489,3.1494278992,14.85,0.0,38040.4,家居用品,47818.4
2014-12-22,SZE_002489,2.8440288302,13.41,0.0,38040.4,家居用品,47818.4
2014-12-23,SZE_002489,2.8737204064,13.55,0.0,38040.4,家居用品,47818.4
2014-12-24,SZE_002489,2.8694787526,13.53,0.0,38040.4,家居用品,47818.4
2014-12-25,SZE_002489,2.8588746183,13.48,0.0,38040.4,家居用品,47818.4
2014-12-26,SZE_002489,2.8779620601,13.57,0.0,38040.4,家居用品,47818.4
2014-12-29,SZE_002489,2.8758412332,13.56,0.0,38040.4,家居用品,47818.4
2014-12-30,SZE_002489,2.8822037138,13.59,0.0,38040.4,家居用品,47818.4
2014-12-31,SZE_002489,2.8822037138,13.59,0.0,38854.4,家居用品,47818.4
2015-01-05,SZE_002489,2.9055328094,13.7,0.0,38854.4,家居用品,47818.4
2015-01-06,SZE_002489,2.9585534811,13.95,0.0,38854.4,家居用品,47818.4
2015-01-07,SZE_002489,2.9267410781,13.8,0.0,38854.4,家居用品,47818.4
2015-01-08,SZE_002489,2.9267410781,13.8,0.0,38854.4,家居用品,47818.4
2015-01-09,SZE_002489,2.9373452124,13.85,0.0,38854.4,家居用品,47818.4
2015-01-12,SZE_002489,2.9415868661,13.87,0.0,38854.4,家居用品,47818.4
2015-01-13,SZE_002489,3.0391449021,14.33,0.0,38854.4,家居用品,47818.4
2015-01-14,SZE_002489,3.0964072275,14.6,0.0,38854.4,家居用品,47818.4
2015-01-15,SZE_002489,3.1473070723,14.84,0.0,38854.4,家居用品,47818.4
2015-01-16,SZE_002489,3.1388237649,14.8,0.0,38854.4,家居用品,47818.4
2015-01-19,SZE_002489,3.0349032483,14.31,0.0,38854.4,家居用品,47818.4
2015-01-20,SZE_002489,3.1133738425,14.68,0.0,38854.4,家居用品,47818.4
2015-01-21,SZE_002489,3.1388237649,14.8,0.0,38854.4,家居用品,47818.4
2015-01-22,SZE_002489,3.1579112067,14.89,0.0,38854.4,家居用品,47818.4
2015-01-23,SZE_002489,3.1345821111,14.78,0.0,38854.4,家居用品,47818.4
2015-01-26,SZE_002489,3.1769986485,14.98,0.0,38854.4,家居用品,47818.4
2015-01-27,SZE_002489,3.2554692426,15.35,0.0,38854.4,家居用品,47818.4
2015-01-28,SZE_002489,3.3678730666,15.88,0.0,38854.4,家居用品,47818.4
2015-01-29,SZE_002489,3.3169732218,15.64,0.0,38854.4,家居用品,47818.4
2015-01-30,SZE_002489,3.3084899143,15.6,0.0,38854.4,家居用品,47818.4
2015-02-02,SZE_002489,3.2533484158,15.34,0.0,38854.4,家居用品,47818.4
2015-02-03,SZE_002489,3.2872816456,15.5,0.0,38854.4,家居用品,47818.4
2015-02-04,SZE_002489,3.2533484158,15.34,0.0,38854.4,家居用品,47818.4
2015-02-05,SZE_002489,3.329698183,15.7,0.0,38854.4,家居用品,47818.4
2015-02-06,SZE_002489,3.2342609739,15.25,0.0,38854.4,家居用品,47818.4
2015-02-09,SZE_002489,3.2045693978,15.11,0.0,38854.4,家居用品,47818.4
2015-02-10,SZE_002489,3.2427442814,15.29,0.0,38854.4,家居用品,47818.4
2015-02-11,SZE_002489,3.266073377,15.4,0.0,38854.4,家居用品,47818.4
2015-02-12,SZE_002489,3.3275773561,15.69,0.0,38854.4,家居用品,47818.4
2015-02-13,SZE_002489,3.4018062965,16.04,0.0,38854.4,家居用品,47818.4
2015-02-16,SZE_002489,3.4717935832,16.37,0.0,38854.4,家居用品,47818.4
2015-02-17,SZE_002489,3.4399811802,16.22,0.0,38854.4,家居用品,47818.4
2015-02-25,SZE_002489,3.4081687771,16.07,0.0,38854.4,家居用品,47818.4
2015-02-26,SZE_002489,3.4293770458,16.17,0.0,38854.4,家居用品,47818.4
2015-02-27,SZE_002489,3.4717935832,16.37,0.0,38854.4,家居用品,47818.4
2015-03-02,SZE_002489,3.4930018519,16.47,0.0,38854.4,家居用品,47818.4
2015-03-03,SZE_002489,3.4717935832,16.37,0.0,38854.4,家居用品,47818.4
2015-03-04,SZE_002489,3.4505853145,16.27,0.0,38854.4,家居用品,47818.4
2015-03-05,SZE_002489,3.4463436608,16.25,0.0,38854.4,家居用品,47818.4
2015-03-06,SZE_002489,3.4930018519,16.47,0.0,38854.4,家居用品,47818.4
2015-03-09,SZE_002489,3.6160098102,17.05,0.0,38854.4,家居用品,47818.4
2015-03-10,SZE_002489,3.6202514639,17.07,0.0,38854.4,家居用品,47818.4
2015-03-11,SZE_002489,3.6987220581,17.44,0.0,38854.4,家居用品,47818.4
2015-03-12,SZE_002489,3.6541846938,17.23,0.0,38854.4,家居用品,47818.4
2015-03-13,SZE_002489,3.7008428849,17.45,0.0,38854.4,家居用品,47818.4
2015-03-16,SZE_002489,3.8026425746,17.93,0.0,38854.4,家居用品,47818.4
2015-03-17,SZE_002489,3.9829128584,18.78,0.0,38854.4,家居用品,47818.4
2015-03-18,SZE_002489,3.9829128584,18.78,0.0,38854.4,家居用品,47818.4
2015-03-19,SZE_002489,3.8832339956,18.31,0.0,38854.4,家居用品,47818.4
2015-03-20,SZE_002489,3.8917173031,18.35,0.0,38854.4,家居用品,47818.4
2015-03-23,SZE_002489,3.9680670703,18.71,0.0,38854.4,家居用品,47818.4
2015-03-24,SZE_002489,4.0719875869,19.2,0.0,38854.4,家居用品,47818.4
2015-03-25,SZE_002489,4.0168460883,18.94,0.0,38854.4,家居用品,47818.4
2015-03-26,SZE_002489,3.9553421091,18.65,0.0,38854.4,家居用品,47818.4
2015-03-27,SZE_002489,4.1101624705,19.38,0.0,38854.4,家居用品,47818.4
2015-03-30,SZE_002489,4.2671036587,20.12,0.0,38854.4,家居用品,47818.4
2015-03-31,SZE_002489,4.4537364231,21.0,0.0,38854.4,家居用品,47818.4
2015-04-01,SZE_002489,4.8991100654,23.1,0.0,38854.4,家居用品,47818.4
2015-04-02,SZE_002489,5.389021072,25.41,0.0,38854.4,家居用品,47818.4
2015-04-03,SZE_002489,5.9277110965,27.95,0.0,38854.4,家居用品,47818.4
2015-04-07,SZE_002489,6.3306682014,29.85,0.0,38854.4,家居用品,47818.4
2015-04-08,SZE_002489,5.9298319234,27.96,0.0,38854.4,家居用品,47818.4
2015-04-09,SZE_002489,5.7686490814,27.2,0.0,38854.4,家居用品,47818.4
2015-04-10,SZE_002489,6.0528398817,28.54,0.0,38854.4,家居用品,47818.4
2015-04-13,SZE_002489,6.5745632913,31.0,0.0,38854.4,家居用品,47818.4
2015-04-14,SZE_002489,6.129189649,28.9,0.0,38854.4,家居用品,47818.4
2015-04-15,SZE_002489,6.1164646878,28.84,0.0,38854.4,家居用品,47818.4
2015-04-16,SZE_002489,6.0125441712,28.35,0.0,38854.4,家居用品,47818.4
2015-04-17,SZE_002489,5.8534821561,27.6,0.0,38854.4,家居用品,47818.4
2015-04-20,SZE_002489,5.8428780218,27.55,0.0,38854.4,家居用品,47818.4
2015-04-21,SZE_002489,5.9531610189,28.07,0.0,38854.4,家居用品,47818.4
2015-04-22,SZE_002489,6.1652437057,29.07,0.0,38854.4,家居用品,47818.4
2015-04-23,SZE_002489,6.7824043244,31.98,0.0,38854.4,家居用品,47818.4
2015-04-24,SZE_002489,7.3868399818,34.83,0.0,38854.4,家居用品,47818.4
2015-04-27,SZE_002489,7.4759147103,35.25,0.0,38854.4,家居用品,47818.4
2015-04-28,SZE_002489,7.1917239099,33.91,0.0,38854.4,家居用品,47818.4
2015-04-29,SZE_002489,7.4292565192,35.03,0.0,38854.4,家居用品,47818.4
2015-04-30,SZE_002489,7.528935382,35.5,0.0,38854.4,家居用品,47818.4
2015-05-04,SZE_002489,7.9022009108,37.26,0.0,38854.4,家居用品,47818.4
2015-05-05,SZE_002489,7.9912756392,37.68,0.0,38854.4,家居用品,47818.4
2015-05-06,SZE_002489,8.1248877319,38.31,0.0,38854.4,家居用品,47818.4
2015-05-07,SZE_002489,7.9403757944,37.44,0.0,38854.4,家居用品,47818.4
2015-05-08,SZE_002489,8.4748241652,39.96,0.0,38854.4,家居用品,47818.4
2015-05-11,SZE_002489,9.2807383751,43.76,0.0,38854.4,家居用品,47818.4
2015-05-12,SZE_002489,9.2998258169,43.85,0.0,38854.4,家居用品,47818.4
2015-05-13,SZE_002489,9.3316382199,44.0,0.0,38854.4,家居用品,47818.4
2015-05-14,SZE_002489,8.8438480402,41.7,0.0,38854.4,家居用品,47818.4
2015-05-15,SZE_002489,8.5384489712,40.26,0.0,38854.4,家居用品,47818.4
2015-05-18,SZE_002489,8.9817017866,42.35,0.0,38854.4,家居用品,47818.4
2015-05-19,SZE_002489,9.5437209067,45.0,0.0,38854.4,家居用品,47818.4
2015-05-20,SZE_002489,10.498092997,49.5,0.0,38854.4,家居用品,47818.4
2015-05-21,SZE_002489,11.547473804,41.46,0.0,53378.2,家居用品,62163.9
2015-05-22,SZE_002489,12.536222766,45.01,0.0,53378.2,家居用品,62163.9
2015-05-25,SZE_002489,12.254916723,44.0,0.0,53378.2,家居用品,62163.9
2015-05-26,SZE_002489,12.435955266,44.65,0.0,53378.2,家居用品,62163.9
2015-05-27,SZE_002489,12.098945056,43.44,0.0,53378.2,家居用品,62163.9
2015-05-28,SZE_002489,11.140833385,40.0,0.0,53378.2,家居用品,62163.9
2015-05-29,SZE_002489,11.670022971,41.9,0.0,53378.2,家居用品,62163.9
2015-06-01,SZE_002489,12.823099226,46.04,0.0,53378.2,家居用品,62163.9
2015-06-02,SZE_002489,14.065302149,50.5,0.0,53378.2,家居用品,62163.9
2015-06-03,SZE_002489,14.009597982,50.3,0.0,53378.2,家居用品,62163.9
2015-06-04,SZE_002489,13.814633397,49.6,0.0,53378.2,家居用品,62163.9
2015-06-05,SZE_002489,13.923256523,49.99,0.0,53378.2,家居用品,62163.9
2015-06-08,SZE_002489,12.811958393,46.0,0.0,53378.2,家居用品,62163.9
2015-06-09,SZE_002489,12.655986725,45.44,0.0,53378.2,家居用品,62163.9
2015-06-10,SZE_002489,13.499904854,48.47,0.0,53378.2,家居用品,62163.9
2015-06-11,SZE_002489,13.424704229,48.2,0.0,53378.2,家居用品,62163.9
2015-06-12,SZE_002489,13.174035478,47.3,0.0,53378.2,家居用品,62163.9
2015-06-15,SZE_002489,12.541793183,45.03,0.0,53378.2,家居用品,62163.9
2015-06-16,SZE_002489,12.001462764,43.09,0.0,53378.2,家居用品,62163.9
2015-06-17,SZE_002489,13.087694019,46.99,0.0,53378.2,家居用品,62163.9
2015-06-18,SZE_002489,12.388606724,44.48,0.0,53378.2,家居用品,62163.9
2015-06-19,SZE_002489,11.642170887,41.8,0.0,53378.2,家居用品,62163.9
2015-06-23,SZE_002489,11.224389635,40.3,0.0,53378.2,家居用品,62163.9
2015-06-24,SZE_002489,11.001572968,39.5,0.0,53378.2,家居用品,62163.9
2015-06-25,SZE_002489,11.784216513,42.31,0.0,53378.2,家居用品,62163.9
2015-06-26,SZE_002489,10.606073382,38.08,0.0,53378.2,家居用品,62163.9
2015-06-29,SZE_002489,9.5449090026,34.27,0.0,53378.2,家居用品,62163.9
2015-06-30,SZE_002489,10.500235465,37.7,0.0,53378.2,家居用品,62163.9
2015-08-17,SZE_002489,11.530762553,41.4,0.0,53378.2,家居用品,62163.9
2015-08-18,SZE_002489,10.377686298,37.26,0.0,53378.2,家居用品,62163.9
2015-08-19,SZE_002489,9.4028633769,33.76,0.0,53378.2,家居用品,62163.9
2015-08-20,SZE_002489,8.9349483747,32.08,0.0,53378.2,家居用品,62163.9
2015-08-21,SZE_002489,8.0408964956,28.87,0.0,53378.2,家居用品,62163.9
2015-08-24,SZE_002489,7.2359712835,25.98,0.0,53378.2,家居用品,62163.9
2015-08-25,SZE_002489,6.5118171135,23.38,0.0,53378.2,家居用品,62163.9
2015-08-26,SZE_002489,6.7708414897,24.31,0.0,53378.2,家居用品,62163.9
2015-08-27,SZE_002489,6.9853025324,25.08,0.0,53378.2,家居用品,62163.9
2015-08-28,SZE_002489,7.3557352424,26.41,0.0,53378.2,家居用品,62163.9
2015-08-31,SZE_002489,6.620440239,23.77,0.0,53378.2,家居用品,62163.9
2015-09-01,SZE_002489,5.9575606526,21.39,0.0,53378.2,家居用品,62163.9
2015-09-02,SZE_002489,5.7876629435,20.78,0.0,53378.2,家居用品,62163.9
2015-09-07,SZE_002489,6.3614158628,22.84,0.0,53378.2,家居用品,62163.9
2015-09-08,SZE_002489,6.6148698223,23.75,0.0,53378.2,家居用品,62163.9
2015-09-09,SZE_002489,6.8738941985,24.68,0.0,53378.2,家居用品,62163.9
2015-09-10,SZE_002489,6.9351687821,24.9,0.0,53378.2,家居用品,62163.9
2015-09-11,SZE_002489,6.9323835738,24.89,0.0,53378.2,家居用品,62163.9
2015-09-14,SZE_002489,6.2388666956,22.4,0.0,53378.2,家居用品,62163.9
2015-09-15,SZE_002489,5.614980026,20.16,0.0,53378.2,家居用品,62163.9
2015-09-16,SZE_002489,6.177592112,22.18,0.0,53378.2,家居用品,62163.9
2015-09-17,SZE_002489,6.5870177389,23.65,0.0,53378.2,家居用品,62163.9
2015-09-18,SZE_002489,6.7680562814,24.3,0.0,53378.2,家居用品,62163.9
2015-09-21,SZE_002489,7.4142246177,26.62,0.0,53378.2,家居用品,62163.9
2015-09-22,SZE_002489,7.2693937837,26.1,0.0,53378.2,家居用品,62163.9
2015-09-23,SZE_002489,7.9963331621,28.71,0.0,53378.2,家居用品,62163.9
2015-09-24,SZE_002489,7.3619273223,7.46,0.0,186822.3,家居用品,217573.7
2015-09-25,SZE_002489,6.6415242466,6.73,0.0,186822.3,家居用品,217573.7
2015-09-28,SZE_002489,6.7796837405,6.87,0.0,186822.3,家居用品,217573.7
2015-09-29,SZE_002489,6.4737591467,6.56,0.0,186822.3,家居用品,217573.7
2015-09-30,SZE_002489,6.5033647526,6.59,0.0,186822.3,家居用品,217573.7
2015-10-08,SZE_002489,6.7796837405,6.87,0.0,186822.3,家居用品,217573.7
2015-10-09,SZE_002489,6.7895522758,6.88,0.0,186822.3,家居用品,217573.7
2015-10-12,SZE_002489,7.3619273223,7.46,0.0,186822.3,家居用品,217573.7
2015-10-13,SZE_002489,7.7270631279,7.83,0.0,186822.3,家居用品,217573.7
2015-10-14,SZE_002489,7.4112699988,7.51,0.0,186822.3,家居用品,217573.7
2015-10-15,SZE_002489,7.5889036339,7.69,0.0,186822.3,家居用品,217573.7
2015-10-16,SZE_002489,7.559298028,7.66,0.0,186822.3,家居用品,217573.7
2015-10-19,SZE_002489,7.2928475753,7.39,0.0,186822.3,家居用品,217573.7
2015-10-20,SZE_002489,7.7764058043,7.88,0.0,186822.3,家居用品,217573.7
2015-10-21,SZE_002489,6.9967915168,7.09,0.0,186822.3,家居用品,217573.7
2015-10-22,SZE_002489,7.2040307578,7.3,0.0,186822.3,家居用品,217573.7
2015-10-23,SZE_002489,7.2829790401,7.38,0.0,186822.3,家居用品,217573.7
2015-10-26,SZE_002489,7.6185092397,7.72,0.0,186822.3,家居用品,217573.7
2015-10-27,SZE_002489,7.5395609575,7.64,0.0,186822.3,家居用品,217573.7
2015-10-28,SZE_002489,7.6777204514,7.78,0.0,186822.3,家居用品,217573.7
2015-10-29,SZE_002489,7.5198238869,7.62,0.0,186822.3,家居用品,217573.7
2015-10-30,SZE_002489,7.3125846459,7.41,0.0,186822.3,家居用品,217573.7
2015-11-02,SZE_002489,6.9869229815,7.08,0.0,186822.3,家居用品,217573.7
2015-11-03,SZE_002489,7.0263971227,7.12,0.0,186822.3,家居用品,217573.7
2015-11-04,SZE_002489,7.3421902518,7.44,0.0,186822.3,家居用品,217573.7
2015-11-05,SZE_002489,7.2435048989,7.34,0.0,186822.3,家居用品,217573.7
2015-11-06,SZE_002489,7.4310070693,7.53,0.0,186822.3,家居用品,217573.7
2015-11-09,SZE_002489,7.4507441399,7.55,0.0,186822.3,家居用品,217573.7
2015-11-10,SZE_002489,7.6185092397,7.72,0.0,186822.3,家居用品,217573.7
2015-11-11,SZE_002489,7.6086407045,7.71,0.0,186822.3,家居用品,217573.7
2015-11-12,SZE_002489,8.3685179214,8.48,0.0,186822.3,家居用品,217573.7
2015-11-13,SZE_002489,8.6744425152,8.79,0.0,186822.3,家居用品,217573.7
2015-11-16,SZE_002489,9.5428736202,9.67,0.0,186822.3,家居用品,217573.7
2015-11-17,SZE_002489,10.075774526,10.21,0.0,186822.3,家居用品,217573.7
2015-11-18,SZE_002489,11.082365125,11.23,0.0,186822.3,家居用品,217573.7
2015-11-19,SZE_002489,12.187641077,12.35,0.0,186822.3,家居用品,217573.7
2015-11-20,SZE_002489,13.411339452,13.59,0.0,186822.3,家居用品,217573.7
2015-11-23,SZE_002489,12.217246682,12.38,0.0,186822.3,家居用品,217573.7
2015-11-24,SZE_002489,12.236983753,12.4,0.0,186822.3,家居用品,217573.7
2015-11-25,SZE_002489,12.276457894,12.44,0.0,186822.3,家居用品,217573.7
2015-11-26,SZE_002489,11.940927694,12.1,0.0,186822.3,家居用品,217573.7
2015-11-27,SZE_002489,10.746834925,10.89,0.0,186822.3,家居用品,217573.7
2015-11-30,SZE_002489,11.822505271,11.98,0.0,186822.3,家居用品,217573.7
2015-12-01,SZE_002489,12.582382488,12.75,0.0,186822.3,家居用品,217573.7
2015-12-02,SZE_002489,11.457369465,11.61,0.0,186822.3,家居用品,217573.7
2015-12-03,SZE_002489,11.595528959,11.75,0.0,186822.3,家居用品,217573.7
2015-12-04,SZE_002489,12.1382984,12.3,0.0,186822.3,家居用品,217573.7
2015-12-07,SZE_002489,12.385011782,12.55,0.0,186822.3,家居用品,217573.7
2015-12-08,SZE_002489,11.861979412,12.02,0.0,186822.3,家居用品,217573.7
2015-12-09,SZE_002489,11.516580677,11.67,0.0,186822.3,家居用品,217573.7
2015-12-10,SZE_002489,11.437632395,11.59,0.0,186822.3,家居用品,217573.7
2015-12-11,SZE_002489,10.973811237,11.12,0.0,186822.3,家居用品,217573.7
2015-12-14,SZE_002489,11.250130224,11.4,0.0,186822.3,家居用品,217573.7
2015-12-15,SZE_002489,11.151444872,11.3,0.0,186822.3,家居用品,217573.7
2015-12-16,SZE_002489,11.42776386,11.58,0.0,186822.3,家居用品,217573.7
2015-12-17,SZE_002489,12.059350118,12.22,0.0,186822.3,家居用品,217573.7
2015-12-18,SZE_002489,11.743556989,11.9,0.0,186822.3,家居用品,217573.7
2015-12-21,SZE_002489,11.536317748,11.69,0.0,186822.3,家居用品,217573.7
2015-12-22,SZE_002489,11.575791889,11.73,0.0,186822.3,家居用品,217573.7
2015-12-23,SZE_002489,11.190919013,11.34,0.0,186822.3,家居用品,217573.7
2015-12-24,SZE_002489,11.062628054,11.21,0.0,186822.3,家居用品,217573.7
2015-12-25,SZE_002489,11.141576336,11.29,0.0,186822.3,家居用品,217573.7
2015-12-28,SZE_002489,11.161313407,11.31,0.0,186822.3,家居用品,217573.7
2015-12-29,SZE_002489,11.171181942,11.32,0.0,186822.3,家居用品,217573.7
2015-12-30,SZE_002489,11.062628054,11.21,0.0,186822.3,家居用品,217573.7
2015-12-31,SZE_002489,10.697492249,10.84,0.0,186812.1,家居用品,217573.7
2016-01-04,SZE_002489,9.6316904378,9.76,0.0,186812.1,家居用品,217573.7
2016-01-05,SZE_002489,9.0297097854,9.15,0.0,186812.1,家居用品,217573.7
2016-01-06,SZE_002489,9.9277464963,10.06,0.0,186812.1,家居用品,217573.7
2016-01-07,SZE_002489,8.9408929679,9.06,0.0,186812.1,家居用品,217573.7
2016-01-08,SZE_002489,9.118526603,9.24,0.0,186812.1,家居用品,217573.7
2016-01-11,SZE_002489,8.2106213568,8.32,0.0,186812.1,家居用品,217573.7
2016-01-12,SZE_002489,8.2895696391,8.4,0.0,186812.1,家居用品,217573.7
2016-01-13,SZE_002489,7.835617016,7.94,0.0,186812.1,家居用品,217573.7
2016-01-14,SZE_002489,8.111936004,8.22,0.0,186812.1,家居用品,217573.7
2016-01-15,SZE_002489,7.6678519162,7.77,0.0,186812.1,家居用品,217573.7
2016-01-18,SZE_002489,7.8652226219,7.97,0.0,186812.1,家居用品,217573.7
2016-01-19,SZE_002489,8.4178605978,8.53,0.0,186812.1,家居用品,217573.7
2016-01-20,SZE_002489,8.1908842862,8.3,0.0,186812.1,家居用品,217573.7
2016-01-21,SZE_002489,7.7961428749,7.9,0.0,186812.1,家居用品,217573.7
2016-01-22,SZE_002489,7.97377651,8.08,0.0,186812.1,家居用品,217573.7
2016-01-25,SZE_002489,8.0132506511,8.12,0.0,186812.1,家居用品,217573.7
2016-01-26,SZE_002489,7.2435048989,7.34,0.0,186812.1,家居用品,217573.7
2016-01-27,SZE_002489,7.0560027285,7.15,0.0,186812.1,家居用品,217573.7
2016-01-28,SZE_002489,6.6119186407,6.7,0.0,186812.1,家居用品,217573.7
2016-01-29,SZE_002489,6.9474488404,7.04,0.0,186812.1,家居用品,217573.7
2016-02-01,SZE_002489,6.9178432345,7.01,0.0,186812.1,家居用品,217573.7
2016-02-02,SZE_002489,7.2829790401,7.38,0.0,186812.1,家居用品,217573.7
2016-02-03,SZE_002489,7.2533734342,7.35,0.0,186812.1,家居用品,217573.7
2016-02-04,SZE_002489,7.3619273223,7.46,0.0,186812.1,家居用品,217573.7
2016-02-05,SZE_002489,7.8553540866,7.96,0.0,186812.1,家居用品,217573.7
2016-02-15,SZE_002489,7.904696763,8.01,0.0,186812.1,家居用品,217573.7
2016-02-16,SZE_002489,8.3783864567,8.49,0.0,186812.1,家居用品,217573.7
2016-02-17,SZE_002489,8.2895696391,8.4,0.0,186812.1,家居用品,217573.7
2016-02-18,SZE_002489,8.3487808508,8.46,0.0,186812.1,家居用品,217573.7
2016-02-19,SZE_002489,8.3093067097,8.42,0.0,186812.1,家居用品,217573.7
2016-02-22,SZE_002489,8.3882549919,8.5,0.0,186812.1,家居用品,217573.7
2016-02-23,SZE_002489,8.1908842862,8.3,0.0,186812.1,家居用品,217573.7
2016-02-24,SZE_002489,8.3191752449,8.43,0.0,186812.1,家居用品,217573.7
2016-02-25,SZE_002489,7.490218281,7.59,0.0,186812.1,家居用品,217573.7
2016-02-26,SZE_002489,7.421138534,7.52,0.0,186812.1,家居用品,217573.7
2016-02-29,SZE_002489,7.0362656579,7.13,0.0,186812.1,家居用品,217573.7
2016-03-01,SZE_002489,7.1546880814,7.25,0.0,186812.1,家居用品,217573.7
2016-03-02,SZE_002489,7.5198238869,7.62,0.0,186812.1,家居用品,217573.7
2016-03-03,SZE_002489,7.5691665633,7.67,0.0,186812.1,家居用品,217573.7
2016-03-04,SZE_002489,7.1941622225,7.29,0.0,186812.1,家居用品,217573.7
2016-03-07,SZE_002489,7.3125846459,7.41,0.0,186812.1,家居用品,217573.7
2016-03-08,SZE_002489,7.2632419695,7.36,0.0,186812.1,家居用品,217573.7
2016-03-09,SZE_002489,7.0560027285,7.15,0.0,186812.1,家居用品,217573.7
2016-03-10,SZE_002489,6.9967915168,7.09,0.0,186812.1,家居用品,217573.7
2016-03-11,SZE_002489,7.0165285874,7.11,0.0,186812.1,家居用品,217573.7
2016-03-14,SZE_002489,7.3125846459,7.41,0.0,186812.1,家居用品,217573.7
2016-03-15,SZE_002489,7.1546880814,7.25,0.0,186812.1,家居用品,217573.7
2016-03-16,SZE_002489,7.0461341932,7.14,0.0,186812.1,家居用品,217573.7
2016-03-17,SZE_002489,7.2138992931,7.31,0.0,186812.1,家居用品,217573.7
2016-03-18,SZE_002489,7.9343023688,8.04,0.0,186812.1,家居用品,217573.7
2016-03-21,SZE_002489,8.2599640332,8.37,0.0,186812.1,家居用品,217573.7
2016-03-22,SZE_002489,8.4770718095,8.59,0.0,186812.1,家居用品,217573.7
2016-03-23,SZE_002489,8.5165459506,8.63,0.0,186812.1,家居用品,217573.7
2016-03-24,SZE_002489,8.1514101451,8.26,0.0,186812.1,家居用品,217573.7
2016-03-25,SZE_002489,8.1514101451,8.26,0.0,186812.1,家居用品,217573.7
2016-03-28,SZE_002489,8.0527247923,8.16,0.0,186812.1,家居用品,217573.7
2016-03-29,SZE_002489,7.9935135806,8.1,0.0,186812.1,家居用品,217573.7
2016-03-30,SZE_002489,8.2698325685,8.38,0.0,186812.1,家居用品,217573.7
2016-03-31,SZE_002489,8.1908842862,8.3,0.0,186812.1,家居用品,217573.7
2016-04-01,SZE_002489,8.5560200918,8.67,0.0,186812.1,家居用品,217573.7
2016-04-05,SZE_002489,8.6645739799,8.78,0.0,186812.1,家居用品,217573.7
2016-04-06,SZE_002489,8.5264144859,8.64,0.0,186812.1,家居用品,217573.7
2016-04-07,SZE_002489,8.842207615,8.96,0.0,186812.1,家居用品,217573.7
2016-04-08,SZE_002489,8.5264144859,8.64,0.0,186812.1,家居用品,217573.7
2016-04-11,SZE_002489,8.6744425152,8.79,0.0,186812.1,家居用品,217573.7
2016-04-12,SZE_002489,8.7928649386,8.91,0.0,186812.1,家居用品,217573.7
2016-04-13,SZE_002489,8.7928649386,8.91,0.0,186812.1,家居用品,217573.7
2016-04-14,SZE_002489,8.8224705445,8.94,0.0,186812.1,家居用品,217573.7
2016-04-15,SZE_002489,8.8520761503,8.97,0.0,186812.1,家居用品,217573.7
2016-04-18,SZE_002489,8.5658886271,8.68,0.0,186812.1,家居用品,217573.7
2016-04-19,SZE_002489,8.5757571623,8.69,0.0,186812.1,家居用品,217573.7
2016-04-20,SZE_002489,7.9836450453,8.09,0.0,186812.1,家居用品,217573.7
2016-04-21,SZE_002489,7.835617016,7.94,0.0,186812.1,家居用品,217573.7
2016-04-22,SZE_002489,7.8948282277,8.0,0.0,186812.1,家居用品,217573.7
2016-04-25,SZE_002489,7.8257484807,7.93,0.0,186812.1,家居用品,217573.7
2016-04-26,SZE_002489,8.042856257,8.15,0.0,186812.1,家居用品,217573.7
2016-04-27,SZE_002489,7.9244338336,8.03,0.0,186812.1,家居用品,217573.7
2016-04-28,SZE_002489,7.8652226219,7.97,0.0,186812.1,家居用品,217573.7
2016-04-29,SZE_002489,7.7862743396,7.89,0.0,186812.1,家居用品,217573.7
2016-05-03,SZE_002489,7.9935135806,8.1,0.0,186812.1,家居用品,217573.7
2016-05-04,SZE_002489,7.9836450453,8.09,0.0,186812.1,家居用品,217573.7
2016-05-05,SZE_002489,7.9935135806,8.1,0.0,186812.1,家居用品,217573.7
2016-05-06,SZE_002489,7.697457522,7.8,0.0,186812.1,家居用品,217573.7
2016-05-09,SZE_002489,7.2533734342,7.35,0.0,186812.1,家居用品,217573.7
2016-05-10,SZE_002489,7.3717958576,7.47,0.0,186812.1,家居用品,217573.7
2016-05-11,SZE_002489,7.3323217165,7.43,0.0,186812.1,家居用品,217573.7
2016-05-12,SZE_002489,7.2435048989,7.34,0.0,186812.1,家居用品,217573.7
2016-05-13,SZE_002489,7.3520587871,7.45,0.0,186812.1,家居用品,217573.7
2016-05-16,SZE_002489,7.4704812105,7.57,0.0,186812.1,家居用品,217573.7
2016-05-17,SZE_002489,7.3915329282,7.49,0.0,186812.1,家居用品,217573.7
2016-05-18,SZE_002489,7.1645566166,7.26,0.0,186812.1,家居用品,217573.7
2016-05-19,SZE_002489,7.1941622225,7.29,0.0,186812.1,家居用品,217573.7
2016-05-20,SZE_002489,7.2435048989,7.34,0.0,186812.1,家居用品,217573.7
2016-05-23,SZE_002489,7.421138534,7.52,0.0,186812.1,家居用品,217573.7
2016-05-24,SZE_002489,7.2533734342,7.35,0.0,186812.1,家居用品,217573.7
2016-05-25,SZE_002489,7.2336363636,7.33,0.0,186812.1,家居用品,217573.7
2016-05-26,SZE_002489,7.2435048989,7.34,0.0,186812.1,家居用品,217573.7
2016-05-27,SZE_002489,7.2336363636,7.33,0.0,186812.1,家居用品,217573.7
2016-05-30,SZE_002489,7.1840909091,7.25,0.0,186812.1,家居用品,217573.7
2016-05-31,SZE_002489,7.4714545455,7.54,0.0,186812.1,家居用品,217573.7
2016-06-01,SZE_002489,7.4714545455,7.54,0.0,186812.1,家居用品,217573.7
2016-06-02,SZE_002489,7.5507272727,7.62,0.0,186812.1,家居用品,217573.7
2016-06-03,SZE_002489,7.5804545455,7.65,0.0,186812.1,家居用品,217573.7
2016-06-06,SZE_002489,7.5309090909,7.6,0.0,186812.1,家居用品,217573.7
2016-06-07,SZE_002489,7.4714545455,7.54,0.0,186812.1,家居用品,217573.7
2016-06-08,SZE_002489,7.412,7.48,0.0,186812.1,家居用品,217573.7
2016-06-13,SZE_002489,7.1444545455,7.21,0.0,186812.1,家居用品,217573.7
2016-06-14,SZE_002489,7.1642727273,7.23,0.0,186812.1,家居用品,217573.7
2016-06-15,SZE_002489,7.303,7.37,0.0,186812.1,家居用品,217573.7
2016-06-16,SZE_002489,7.194,7.26,0.0,186812.1,家居用品,217573.7
2016-06-17,SZE_002489,7.2237272727,7.29,0.0,186812.1,家居用品,217573.7
2016-06-20,SZE_002489,7.1840909091,7.25,0.0,186812.1,家居用品,217573.7
2016-06-21,SZE_002489,7.2435454545,7.31,0.0,186812.1,家居用品,217573.7
2016-06-22,SZE_002489,7.2831818182,7.35,0.0,186812.1,家居用品,217573.7
2016-06-23,SZE_002489,7.2237272727,7.29,0.0,186812.1,家居用品,217573.7
2016-06-24,SZE_002489,7.4714545455,7.54,0.0,186812.1,家居用品,217573.7
2016-06-27,SZE_002489,7.5507272727,7.62,0.0,186812.1,家居用品,217573.7
2016-06-28,SZE_002489,8.1056363636,8.18,0.0,186812.1,家居用品,217573.7
2016-06-29,SZE_002489,7.8777272727,7.95,0.0,186812.1,家居用品,217573.7
2016-06-30,SZE_002489,7.848,7.92,0.0,187143.2,家居用品,217573.7
2016-07-01,SZE_002489,7.6993636364,7.77,0.0,187143.2,家居用品,217573.7
2016-07-04,SZE_002489,7.8777272727,7.95,0.0,187143.2,家居用品,217573.7
2016-07-05,SZE_002489,7.8281818182,7.9,0.0,187143.2,家居用品,217573.7
2016-07-06,SZE_002489,7.8380909091,7.91,0.0,187143.2,家居用品,217573.7
2016-07-07,SZE_002489,7.739,7.81,0.0,187143.2,家居用品,217573.7
2016-07-08,SZE_002489,7.7290909091,7.8,0.0,187143.2,家居用品,217573.7
2016-07-11,SZE_002489,7.6696363636,7.74,0.0,187143.2,家居用品,217573.7
2016-07-12,SZE_002489,7.7489090909,7.82,0.0,187143.2,家居用品,217573.7
2016-07-13,SZE_002489,7.8678181818,7.94,0.0,187143.2,家居用品,217573.7
2016-07-14,SZE_002489,7.7984545455,7.87,0.0,187143.2,家居用品,217573.7
2016-07-15,SZE_002489,7.8579090909,7.93,0.0,187143.2,家居用品,217573.7
2016-07-18,SZE_002489,7.9173636364,7.99,0.0,187143.2,家居用品,217573.7
2016-07-19,SZE_002489,7.8579090909,7.93,0.0,187143.2,家居用品,217573.7
2016-07-20,SZE_002489,7.7885454545,7.86,0.0,187143.2,家居用品,217573.7
2016-07-21,SZE_002489,7.7687272727,7.84,0.0,187143.2,家居用品,217573.7
2016-07-22,SZE_002489,7.7786363636,7.85,0.0,187143.2,家居用品,217573.7
2016-07-25,SZE_002489,7.8182727273,7.89,0.0,187143.2,家居用品,217573.7
2016-07-26,SZE_002489,7.8579090909,7.93,0.0,187143.2,家居用品,217573.7
2016-07-27,SZE_002489,7.412,7.48,0.0,187143.2,家居用品,217573.7
2016-07-28,SZE_002489,7.3525454545,7.42,0.0,187143.2,家居用品,217573.7
2016-07-29,SZE_002489,7.3228181818,7.39,0.0,187143.2,家居用品,217573.7
2016-08-01,SZE_002489,7.2237272727,7.29,0.0,187143.2,家居用品,217573.7
2016-08-02,SZE_002489,7.2732727273,7.34,0.0,187143.2,家居用品,217573.7
2016-08-03,SZE_002489,7.2732727273,7.34,0.0,187143.2,家居用品,217573.7
2016-08-04,SZE_002489,7.303,7.37,0.0,187143.2,家居用品,217573.7
2016-08-05,SZE_002489,7.2534545455,7.32,0.0,187143.2,家居用品,217573.7
2016-08-08,SZE_002489,7.2930909091,7.36,0.0,187143.2,家居用品,217573.7
2016-08-09,SZE_002489,7.3525454545,7.42,0.0,187143.2,家居用品,217573.7
2016-08-10,SZE_002489,7.2831818182,7.35,0.0,187143.2,家居用品,217573.7
2016-08-11,SZE_002489,7.2336363636,7.3,0.0,187143.2,家居用品,217573.7
2016-08-12,SZE_002489,7.3129090909,7.38,0.0,187143.2,家居用品,217573.7
2016-08-15,SZE_002489,7.4318181818,7.5,0.0,187143.2,家居用品,217573.7
2016-08-16,SZE_002489,7.4318181818,7.5,0.0,187143.2,家居用品,217573.7
2016-08-17,SZE_002489,7.63,7.7,0.0,187143.2,家居用品,217573.7
2016-08-18,SZE_002489,7.521,7.59,0.0,187143.2,家居用品,217573.7
2016-08-19,SZE_002489,7.4714545455,7.54,0.0,187143.2,家居用品,217573.7
2016-08-22,SZE_002489,7.3723636364,7.44,0.0,187143.2,家居用品,217573.7
2016-08-23,SZE_002489,7.3525454545,7.42,0.0,187143.2,家居用品,217573.7
2016-08-24,SZE_002489,7.3525454545,7.42,0.0,187143.2,家居用品,217573.7
2016-08-25,SZE_002489,7.2633636364,7.33,0.0,187143.2,家居用品,217573.7
2016-08-26,SZE_002489,7.2930909091,7.36,0.0,187143.2,家居用品,217573.7
2016-08-29,SZE_002489,7.2930909091,7.36,0.0,187143.2,家居用品,217573.7
2016-08-30,SZE_002489,7.303,7.37,0.0,187143.2,家居用品,217573.7
2016-08-31,SZE_002489,7.2831818182,7.35,0.0,187143.2,家居用品,217573.7
2016-09-01,SZE_002489,7.2534545455,7.32,0.0,187143.2,家居用品,217573.7
2016-09-02,SZE_002489,7.2336363636,7.3,0.0,187143.2,家居用品,217573.7
2016-09-05,SZE_002489,7.2336363636,7.3,0.0,187143.2,家居用品,217573.7
2016-09-06,SZE_002489,7.2732727273,7.34,0.0,187143.2,家居用品,217573.7
2016-09-07,SZE_002489,7.2732727273,7.34,0.0,187143.2,家居用品,217573.7
2016-09-08,SZE_002489,7.2633636364,7.33,0.0,187143.2,家居用品,217573.7
2016-09-09,SZE_002489,7.2138181818,7.28,0.0,187143.2,家居用品,217573.7
2016-09-12,SZE_002489,7.0057272727,7.07,0.0,187143.2,家居用品,217573.7
2016-09-13,SZE_002489,7.0057272727,7.07,0.0,187143.2,家居用品,217573.7
2016-09-14,SZE_002489,6.976,7.04,0.0,187143.2,家居用品,217573.7
2016-09-19,SZE_002489,7.0255454545,7.09,0.0,187143.2,家居用品,217573.7
2016-09-20,SZE_002489,7.0453636364,7.11,0.0,187143.2,家居用品,217573.7
2016-09-21,SZE_002489,7.0354545455,7.1,0.0,187143.2,家居用品,217573.7
2016-09-22,SZE_002489,7.0354545455,7.1,0.0,187143.2,家居用品,217573.7
2016-09-23,SZE_002489,6.9859090909,7.05,0.0,187143.2,家居用品,217573.7
2016-09-26,SZE_002489,6.8471818182,6.91,0.0,187143.2,家居用品,217573.7
2016-09-27,SZE_002489,6.8570909091,6.92,0.0,187143.2,家居用品,217573.7
2016-09-28,SZE_002489,6.8174545455,6.88,0.0,187143.2,家居用品,217573.7
2016-09-29,SZE_002489,6.8075454545,6.87,0.0,187143.2,家居用品,217573.7
2016-09-30,SZE_002489,6.8471818182,6.91,0.0,187143.2,家居用品,217573.7
2016-10-10,SZE_002489,6.976,7.04,0.0,187143.2,家居用品,217573.7
2016-10-11,SZE_002489,7.0057272727,7.07,0.0,187143.2,家居用品,217573.7
2016-10-12,SZE_002489,6.9561818182,7.02,0.0,187143.2,家居用品,217573.7
2016-10-13,SZE_002489,6.9462727273,7.01,0.0,187143.2,家居用品,217573.7
2016-10-14,SZE_002489,7.0057272727,7.07,0.0,187143.2,家居用品,217573.7
2016-10-17,SZE_002489,6.9066363636,6.97,0.0,187143.2,家居用品,217573.7
2016-10-18,SZE_002489,6.9859090909,7.05,0.0,187143.2,家居用品,217573.7
2016-10-19,SZE_002489,6.9561818182,7.02,0.0,187143.2,家居用品,217573.7
2016-10-20,SZE_002489,7.1444545455,7.21,0.0,187143.2,家居用品,217573.7
2016-10-21,SZE_002489,7.0255454545,7.09,0.0,187143.2,家居用品,217573.7
2016-10-24,SZE_002489,7.0354545455,7.1,0.0,187143.2,家居用品,217573.7
2016-10-25,SZE_002489,7.1246363636,7.19,0.0,187143.2,家居用品,217573.7
2016-10-26,SZE_002489,7.1444545455,7.21,0.0,187143.2,家居用品,217573.7
2016-10-27,SZE_002489,7.0750909091,7.14,0.0,187143.2,家居用品,217573.7
2016-10-28,SZE_002489,7.0255454545,7.09,0.0,187143.2,家居用品,217573.7
2016-10-31,SZE_002489,6.9561818182,7.02,0.0,187143.2,家居用品,217573.7
2016-11-01,SZE_002489,6.9859090909,7.05,0.0,187143.2,家居用品,217573.7
2016-11-02,SZE_002489,6.9066363636,6.97,0.0,187143.2,家居用品,217573.7
2016-11-03,SZE_002489,6.8967272727,6.96,0.0,187143.2,家居用品,217573.7
2016-11-04,SZE_002489,6.9264545455,6.99,0.0,187143.2,家居用品,217573.7
2016-11-07,SZE_002489,6.9066363636,6.97,0.0,187143.2,家居用品,217573.7
2016-11-08,SZE_002489,6.9165454545,6.98,0.0,187143.2,家居用品,217573.7
2016-11-09,SZE_002489,7.0255454545,7.09,0.0,187143.2,家居用品,217573.7
2016-11-10,SZE_002489,7.194,7.26,0.0,187143.2,家居用品,217573.7
2016-11-11,SZE_002489,7.2039090909,7.27,0.0,187143.2,家居用品,217573.7
2016-11-14,SZE_002489,7.2138181818,7.28,0.0,187143.2,家居用品,217573.7
2016-11-15,SZE_002489,7.2138181818,7.28,0.0,187143.2,家居用品,217573.7
2016-11-16,SZE_002489,7.1543636364,7.22,0.0,187143.2,家居用品,217573.7
2016-11-17,SZE_002489,7.1147272727,7.18,0.0,187143.2,家居用品,217573.7
2016-11-18,SZE_002489,7.0949090909,7.16,0.0,187143.2,家居用品,217573.7
2016-11-21,SZE_002489,7.1741818182,7.24,0.0,187143.2,家居用品,217573.7
2016-11-22,SZE_002489,7.2336363636,7.3,0.0,187143.2,家居用品,217573.7
2016-11-23,SZE_002489,7.5507272727,7.62,0.0,187143.2,家居用品,217573.7
2016-11-24,SZE_002489,7.5804545455,7.65,0.0,187143.2,家居用品,217573.7
2016-11-25,SZE_002489,7.6101818182,7.68,0.0,187143.2,家居用品,217573.7
2016-11-28,SZE_002489,7.7489090909,7.82,0.0,187143.2,家居用品,217573.7
2016-11-29,SZE_002489,7.6498181818,7.72,0.0,187143.2,家居用品,217573.7
2016-11-30,SZE_002489,7.5804545455,7.65,0.0,187143.2,家居用品,217573.7
2016-12-01,SZE_002489,7.6498181818,7.72,0.0,187143.2,家居用品,217573.7
2016-12-02,SZE_002489,7.5804545455,7.65,0.0,187143.2,家居用品,217573.7
2016-12-05,SZE_002489,7.4813636364,7.55,0.0,187143.2,家居用品,217573.7
2016-12-06,SZE_002489,7.6399090909,7.71,0.0,187143.2,家居用品,217573.7
2016-12-07,SZE_002489,7.6200909091,7.69,0.0,187143.2,家居用品,217573.7
2016-12-08,SZE_002489,7.5705454545,7.64,0.0,187143.2,家居用品,217573.7
2016-12-09,SZE_002489,7.6200909091,7.69,0.0,187143.2,家居用品,217573.7
2016-12-12,SZE_002489,7.2039090909,7.27,0.0,187143.2,家居用品,217573.7
2016-12-13,SZE_002489,7.2534545455,7.32,0.0,187143.2,家居用品,217573.7
2016-12-14,SZE_002489,7.0949090909,7.16,0.0,187143.2,家居用品,217573.7
2016-12-15,SZE_002489,7.1741818182,7.24,0.0,187143.2,家居用品,217573.7
2016-12-16,SZE_002489,7.2039090909,7.27,0.0,187143.2,家居用品,217573.7
2016-12-19,SZE_002489,7.194,7.26,0.0,187143.2,家居用品,217573.7
2016-12-20,SZE_002489,7.2435454545,7.31,0.0,187143.2,家居用品,217573.7
2016-12-21,SZE_002489,7.2336363636,7.3,0.0,187143.2,家居用品,217573.7
2016-12-22,SZE_002489,7.2930909091,7.36,0.0,187143.2,家居用品,217573.7
2016-12-23,SZE_002489,7.3327272727,7.4,0.0,187143.2,家居用品,217573.7
2016-12-26,SZE_002489,7.3921818182,7.46,0.0,187143.2,家居用品,217573.7
2016-12-27,SZE_002489,7.5309090909,7.6,0.0,187143.2,家居用品,217573.7
2016-12-28,SZE_002489,7.4912727273,7.56,0.0,187143.2,家居用品,217573.7
2016-12-29,SZE_002489,7.4813636364,7.55,0.0,187143.2,家居用品,217573.7
2016-12-30,SZE_002489,7.5011818182,7.57,0.0,187143.2,家居用品,217573.7
2017-01-03,SZE_002489,7.4714545455,7.54,0.0,187381.1,家居用品,217573.7
2017-01-04,SZE_002489,7.6101818182,7.68,0.0,187381.1,家居用品,217573.7
2017-01-05,SZE_002489,7.5408181818,7.61,0.0,187381.1,家居用品,217573.7
2017-01-06,SZE_002489,7.4318181818,7.5,0.0,187381.1,家居用品,217573.7
2017-01-09,SZE_002489,7.4020909091,7.47,0.0,187381.1,家居用品,217573.7
2017-01-10,SZE_002489,7.5903636364,7.66,0.0,187381.1,家居用品,217573.7
2017-01-11,SZE_002489,7.5804545455,7.65,0.0,187381.1,家居用品,217573.7
2017-01-12,SZE_002489,7.6200909091,7.69,0.0,187381.1,家居用品,217573.7
2017-01-13,SZE_002489,7.6200909091,7.69,0.0,187381.1,家居用品,217573.7
2017-01-16,SZE_002489,7.2732727273,7.34,0.0,187381.1,家居用品,217573.7
2017-01-17,SZE_002489,7.2930909091,7.36,0.0,187381.1,家居用品,217573.7
2017-01-18,SZE_002489,7.2732727273,7.34,0.0,187381.1,家居用品,217573.7
2017-01-19,SZE_002489,7.2039090909,7.27,0.0,187381.1,家居用品,217573.7
2017-01-20,SZE_002489,7.2633636364,7.33,0.0,187381.1,家居用品,217573.7
2017-01-23,SZE_002489,7.303,7.37,0.0,187381.1,家居用品,217573.7
2017-01-24,SZE_002489,7.1543636364,7.22,0.0,187381.1,家居用品,217573.7
2017-01-25,SZE_002489,7.194,7.26,0.0,187381.1,家居用品,217573.7
2017-01-26,SZE_002489,7.2435454545,7.31,0.0,187381.1,家居用品,217573.7
2017-02-03,SZE_002489,7.2534545455,7.32,0.0,187381.1,家居用品,217573.7
2017-02-06,SZE_002489,7.2633636364,7.33,0.0,187381.1,家居用品,217573.7
2017-02-07,SZE_002489,7.2732727273,7.34,0.0,187381.1,家居用品,217573.7
2017-02-08,SZE_002489,7.2534545455,7.32,0.0,187381.1,家居用品,217573.7
2017-02-09,SZE_002489,7.3327272727,7.4,0.0,187381.1,家居用品,217573.7
2017-02-10,SZE_002489,7.3525454545,7.42,0.0,187381.1,家居用品,217573.7
2017-02-13,SZE_002489,7.3525454545,7.42,0.0,187381.1,家居用品,217573.7
2017-02-14,SZE_002489,7.3624545455,7.43,0.0,187381.1,家居用品,217573.7
2017-02-15,SZE_002489,7.4417272727,7.51,0.0,187381.1,家居用品,217573.7
2017-02-16,SZE_002489,7.5110909091,7.58,0.0,187381.1,家居用品,217573.7
2017-02-17,SZE_002489,7.3822727273,7.45,0.0,187381.1,家居用品,217573.7
2017-02-20,SZE_002489,7.4219090909,7.49,0.0,187381.1,家居用品,217573.7
2017-02-21,SZE_002489,7.4813636364,7.55,0.0,187381.1,家居用品,217573.7
2017-02-22,SZE_002489,7.412,7.48,0.0,187381.1,家居用品,217573.7
2017-02-23,SZE_002489,7.3327272727,7.4,0.0,187381.1,家居用品,217573.7
2017-02-24,SZE_002489,7.3723636364,7.44,0.0,187381.1,家居用品,217573.7
2017-02-27,SZE_002489,7.2831818182,7.35,0.0,187381.1,家居用品,217573.7
2017-02-28,SZE_002489,7.2831818182,7.35,0.0,187381.1,家居用品,217573.7
2017-03-01,SZE_002489,7.2930909091,7.36,0.0,187381.1,家居用品,217573.7
2017-03-02,SZE_002489,7.2138181818,7.28,0.0,187381.1,家居用品,217573.7
2017-03-03,SZE_002489,7.2237272727,7.29,0.0,187381.1,家居用品,217573.7
2017-03-06,SZE_002489,7.303,7.37,0.0,187381.1,家居用品,217573.7
2017-03-07,SZE_002489,7.2930909091,7.36,0.0,187381.1,家居用品,217573.7
2017-03-08,SZE_002489,7.2732727273,7.34,0.0,187381.1,家居用品,217573.7
2017-03-09,SZE_002489,7.194,7.26,0.0,187381.1,家居用品,217573.7
2017-03-10,SZE_002489,7.3327272727,7.4,0.0,187381.1,家居用品,217573.7
2017-03-13,SZE_002489,7.3426363636,7.41,0.0,187381.1,家居用品,217573.7
2017-03-14,SZE_002489,7.4714545455,7.54,0.0,187381.1,家居用品,217573.7
2017-03-15,SZE_002489,7.3921818182,7.46,0.0,187381.1,家居用品,217573.7
2017-03-16,SZE_002489,7.4714545455,7.54,0.0,187381.1,家居用品,217573.7
2017-03-17,SZE_002489,7.2930909091,7.36,0.0,187381.1,家居用品,217573.7
2017-03-20,SZE_002489,7.3129090909,7.38,0.0,187381.1,家居用品,217573.7
2017-03-21,SZE_002489,7.1840909091,7.25,0.0,187381.1,家居用品,217573.7
2017-03-22,SZE_002489,7.2138181818,7.28,0.0,187381.1,家居用品,217573.7
2017-03-23,SZE_002489,7.1543636364,7.22,0.0,187381.1,家居用品,217573.7
2017-03-24,SZE_002489,7.7092727273,7.78,0.0,187381.1,家居用品,217573.7
2017-03-27,SZE_002489,7.5606363636,7.63,0.0,187381.1,家居用品,217573.7
2017-03-28,SZE_002489,7.8182727273,7.89,0.0,187381.1,家居用品,217573.7
2017-03-29,SZE_002489,7.848,7.92,0.0,187381.1,家居用品,217573.7
2017-03-30,SZE_002489,7.6993636364,7.77,0.0,187381.1,家居用品,217573.7
2017-03-31,SZE_002489,7.7984545455,7.87,0.0,187381.1,家居用品,217573.7
2017-04-05,SZE_002489,7.7290909091,7.8,0.0,187381.1,家居用品,217573.7
2017-04-06,SZE_002489,7.521,7.59,0.0,187381.1,家居用品,217573.7
2017-04-07,SZE_002489,7.3129090909,7.38,0.0,187381.1,家居用品,217573.7
2017-04-10,SZE_002489,7.3525454545,7.42,0.0,187381.1,家居用品,217573.7
2017-04-11,SZE_002489,7.3228181818,7.39,0.0,187381.1,家居用品,217573.7
2017-04-12,SZE_002489,7.3129090909,7.38,0.0,187381.1,家居用品,217573.7
2017-04-13,SZE_002489,7.2732727273,7.34,0.0,187381.1,家居用品,217573.7
2017-04-14,SZE_002489,7.2138181818,7.28,0.0,187381.1,家居用品,217573.7
2017-04-17,SZE_002489,7.2237272727,7.29,0.0,187381.1,家居用品,217573.7
2017-04-18,SZE_002489,7.1543636364,7.22,0.0,187381.1,家居用品,217573.7
2017-04-19,SZE_002489,7.0156363636,7.08,0.0,187381.1,家居用品,217573.7
2017-04-20,SZE_002489,6.9859090909,7.05,0.0,187381.1,家居用品,217573.7
2017-04-21,SZE_002489,6.976,7.04,0.0,187381.1,家居用品,217573.7
2017-04-24,SZE_002489,6.5796363636,6.64,0.0,187381.1,家居用品,217573.7
2017-04-25,SZE_002489,6.5697272727,6.63,0.0,187381.1,家居用品,217573.7
2017-04-26,SZE_002489,6.5895454545,6.65,0.0,187381.1,家居用品,217573.7
2017-04-27,SZE_002489,6.5895454545,6.65,0.0,187381.1,家居用品,217573.7
2017-04-28,SZE_002489,6.649,6.71,0.0,187381.1,家居用品,217573.7
2017-05-02,SZE_002489,6.6589090909,6.72,0.0,187381.1,家居用品,217573.7
2017-05-03,SZE_002489,6.649,6.71,0.0,187381.1,家居用品,217573.7
2017-05-04,SZE_002489,6.5994545455,6.66,0.0,187381.1,家居用品,217573.7
2017-05-05,SZE_002489,6.5895454545,6.65,0.0,187381.1,家居用品,217573.7
2017-05-08,SZE_002489,6.5895454545,6.65,0.0,187381.1,家居用品,217573.7
2017-05-09,SZE_002489,6.5598181818,6.62,0.0,187381.1,家居用品,217573.7
2017-05-10,SZE_002489,6.3616363636,6.42,0.0,187381.1,家居用品,217573.7
2017-05-11,SZE_002489,6.3616363636,6.42,0.0,187381.1,家居用品,217573.7
2017-05-12,SZE_002489,6.3418181818,6.4,0.0,187381.1,家居用品,217573.7
2017-05-15,SZE_002489,6.5300909091,6.59,0.0,187381.1,家居用品,217573.7
2017-05-16,SZE_002489,6.5499090909,6.61,0.0,187381.1,家居用品,217573.7
2017-05-17,SZE_002489,6.5201818182,6.58,0.0,187381.1,家居用品,217573.7
2017-05-18,SZE_002489,6.4210909091,6.48,0.0,187381.1,家居用品,217573.7
2017-05-19,SZE_002489,6.4409090909,6.5,0.0,187381.1,家居用品,217573.7
2017-05-22,SZE_002489,6.3418181818,6.4,0.0,187381.1,家居用品,217573.7
2017-05-23,SZE_002489,6.1832727273,6.24,0.0,187381.1,家居用品,217573.7
2017-05-24,SZE_002489,6.1139090909,6.17,0.0,187381.1,家居用品,217573.7
2017-05-25,SZE_002489,6.3021818182,6.36,0.0,187381.1,家居用品,217573.7
2017-05-26,SZE_002489,6.4111818182,6.47,0.0,187381.1,家居用品,217573.7
2017-05-31,SZE_002489,6.431,6.49,0.0,187381.1,家居用品,217573.7
2017-06-01,SZE_002489,6.54,6.6,0.0,187381.1,家居用品,217573.7
2017-06-02,SZE_002489,6.43,6.43,0.0,187381.1,家居用品,217573.7
2017-06-05,SZE_002489,6.39,6.39,0.0,187381.1,家居用品,217573.7
2017-06-06,SZE_002489,6.49,6.49,0.0,187381.1,家居用品,217573.7
2017-06-07,SZE_002489,6.55,6.55,0.0,187381.1,家居用品,217573.7
2017-06-08,SZE_002489,6.51,6.51,0.0,187381.1,家居用品,217573.7
2017-06-09,SZE_002489,6.49,6.49,0.0,187381.1,家居用品,217573.7
2017-06-12,SZE_002489,6.39,6.39,0.0,187381.1,家居用品,217573.7
2017-06-13,SZE_002489,6.44,6.44,0.0,187381.1,家居用品,217573.7
2017-06-14,SZE_002489,6.46,6.46,0.0,187381.1,家居用品,217573.7
2017-06-15,SZE_002489,6.53,6.53,0.0,187381.1,家居用品,217573.7
2017-06-16,SZE_002489,6.47,6.47,0.0,187381.1,家居用品,217573.7
2017-06-19,SZE_002489,6.5,6.5,0.0,187381.1,家居用品,217573.7
2017-06-20,SZE_002489,6.5,6.5,0.0,187381.1,家居用品,217573.7
2017-06-21,SZE_002489,6.5,6.5,0.0,187381.1,家居用品,217573.7
2017-06-22,SZE_002489,6.46,6.46,0.0,187381.1,家居用品,217573.7
2017-06-23,SZE_002489,6.41,6.41,0.0,187381.1,家居用品,217573.7
2017-06-26,SZE_002489,6.43,6.43,0.0,187381.1,家居用品,217573.7
2017-06-27,SZE_002489,6.43,6.43,0.0,187381.1,家居用品,217573.7
2017-06-28,SZE_002489,6.4,6.4,0.0,187381.1,家居用品,217573.7
2017-06-29,SZE_002489,6.38,6.38,0.0,187381.1,家居用品,217573.7
2017-06-30,SZE_002489,6.38,6.38,0.0,187538.7,家居用品,217573.7
2017-07-03,SZE_002489,6.42,6.42,0.0,187538.7,家居用品,217573.7
2017-07-04,SZE_002489,6.41,6.41,0.0,187538.7,家居用品,217573.7
2017-07-05,SZE_002489,6.45,6.45,0.0,187538.7,家居用品,217573.7
2017-07-06,SZE_002489,6.43,6.43,0.0,187538.7,家居用品,217573.7
2017-07-07,SZE_002489,6.46,6.46,0.0,187538.7,家居用品,217573.7
2017-07-10,SZE_002489,6.38,6.38,0.0,187538.7,家居用品,217573.7
2017-07-11,SZE_002489,6.35,6.35,0.0,187538.7,家居用品,217573.7
2017-07-12,SZE_002489,6.31,6.31,0.0,187538.7,家居用品,217573.7
2017-07-13,SZE_002489,6.29,6.29,0.0,187538.7,家居用品,217573.7
2017-07-14,SZE_002489,6.29,6.29,0.0,187538.7,家居用品,217573.7
2017-07-17,SZE_002489,6.05,6.05,0.0,187538.7,家居用品,217573.7
2017-07-18,SZE_002489,6.18,6.18,0.0,187538.7,家居用品,217573.7
2017-07-19,SZE_002489,6.19,6.19,0.0,187538.7,家居用品,217573.7
2017-07-20,SZE_002489,6.19,6.19,0.0,187538.7,家居用品,217573.7
2017-07-21,SZE_002489,6.19,6.19,0.0,187538.7,家居用品,217573.7
2017-07-24,SZE_002489,6.37,6.37,0.0,187538.7,家居用品,217573.7
2017-07-25,SZE_002489,6.4,6.4,0.0,187538.7,家居用品,217573.7
2017-07-26,SZE_002489,6.35,6.35,0.0,187538.7,家居用品,217573.7
2017-07-27,SZE_002489,6.37,6.37,0.0,187538.7,家居用品,217573.7
2017-07-28,SZE_002489,6.33,6.33,0.0,187538.7,家居用品,217573.7
2017-07-31,SZE_002489,6.34,6.34,0.0,187538.7,家居用品,217573.7
2017-08-01,SZE_002489,6.34,6.34,0.0,187538.7,家居用品,217573.7
2017-08-02,SZE_002489,6.32,6.32,0.0,187538.7,家居用品,217573.7
2017-08-03,SZE_002489,6.36,6.36,0.0,187538.7,家居用品,217573.7
2017-08-04,SZE_002489,6.34,6.34,0.0,187538.7,家居用品,217573.7
2017-08-07,SZE_002489,6.34,6.34,0.0,187538.7,家居用品,217573.7
2017-08-08,SZE_002489,6.33,6.33,0.0,187538.7,家居用品,217573.7
2017-08-09,SZE_002489,6.45,6.45,0.0,187538.7,家居用品,217573.7
2017-08-10,SZE_002489,6.32,6.32,0.0,187538.7,家居用品,217573.7
2017-08-11,SZE_002489,6.21,6.21,0.0,187538.7,家居用品,217573.7
2017-08-14,SZE_002489,6.32,6.32,0.0,187538.7,家居用品,217573.7
2017-08-15,SZE_002489,6.29,6.29,0.0,187538.7,家居用品,217573.7
2017-08-16,SZE_002489,6.29,6.29,0.0,187538.7,家居用品,217573.7
2017-08-17,SZE_002489,6.32,6.32,0.0,187538.7,家居用品,217573.7
2017-08-18,SZE_002489,6.27,6.27,0.0,187538.7,家居用品,217573.7
2017-08-21,SZE_002489,6.28,6.28,0.0,187538.7,家居用品,217573.7
2017-08-22,SZE_002489,6.22,6.22,0.0,187538.7,家居用品,217573.7
2017-08-23,SZE_002489,6.24,6.24,0.0,187538.7,家居用品,217573.7
2017-08-24,SZE_002489,6.19,6.19,0.0,187538.7,家居用品,217573.7
2017-08-25,SZE_002489,6.26,6.26,0.0,187538.7,家居用品,217573.7
2017-08-28,SZE_002489,6.29,6.29,0.0,187538.7,家居用品,217573.7
2017-08-29,SZE_002489,6.37,6.37,0.0,187538.7,家居用品,217573.7
2017-08-30,SZE_002489,6.34,6.34,0.0,187538.7,家居用品,217573.7
2017-08-31,SZE_002489,6.51,6.51,0.0,187538.7,家居用品,217573.7
2017-09-01,SZE_002489,6.53,6.53,0.0,187538.7,家居用品,217573.7
2017-09-04,SZE_002489,6.69,6.69,0.0,187538.7,家居用品,217573.7
2017-09-05,SZE_002489,6.65,6.65,0.0,187538.7,家居用品,217573.7
2017-09-06,SZE_002489,6.57,6.57,0.0,187538.7,家居用品,217573.7
2017-09-07,SZE_002489,6.53,6.53,0.0,187538.7,家居用品,217573.7
2017-09-08,SZE_002489,6.46,6.46,0.0,187538.7,家居用品,217573.7
2017-09-11,SZE_002489,6.47,6.47,0.0,187538.7,家居用品,217573.7
2017-09-12,SZE_002489,6.45,6.45,0.0,187538.7,家居用品,217573.7
2017-09-13,SZE_002489,6.46,6.46,0.0,187538.7,家居用品,217573.7
2017-09-14,SZE_002489,6.41,6.41,0.0,187538.7,家居用品,217573.7
2017-09-15,SZE_002489,6.54,6.54,0.0,187538.7,家居用品,217573.7
2017-09-18,SZE_002489,6.5,6.5,0.0,187538.7,家居用品,217573.7
2017-09-19,SZE_002489,6.46,6.46,0.0,187538.7,家居用品,217573.7
2017-09-20,SZE_002489,6.48,6.48,0.0,187538.7,家居用品,217573.7
2017-09-21,SZE_002489,6.41,6.41,0.0,187538.7,家居用品,217573.7
2017-09-22,SZE_002489,6.36,6.36,0.0,187538.7,家居用品,217573.7
2017-09-25,SZE_002489,6.4,6.4,0.0,187538.7,家居用品,217573.7
2017-09-26,SZE_002489,6.39,6.39,0.0,187538.7,家居用品,217573.7
2017-09-27,SZE_002489,6.39,6.39,0.0,187538.7,家居用品,217573.7
2017-09-28,SZE_002489,6.34,6.34,0.0,187538.7,家居用品,217573.7
2017-09-29,SZE_002489,6.41,6.41,0.0,187538.7,家居用品,217573.7
2017-10-09,SZE_002489,6.45,6.45,0.0,187538.7,家居用品,217573.7
2017-10-10,SZE_002489,6.51,6.51,0.0,187538.7,家居用品,217573.7
2017-10-11,SZE_002489,6.49,6.49,0.0,187538.7,家居用品,217573.7
2017-10-12,SZE_002489,6.48,6.48,0.0,187538.7,家居用品,217573.7
2017-10-13,SZE_002489,6.48,6.48,0.0,187538.7,家居用品,217573.7
2017-10-16,SZE_002489,6.4,6.4,0.0,187538.7,家居用品,217573.7
2017-10-17,SZE_002489,6.39,6.39,0.0,187538.7,家居用品,217573.7
2017-10-18,SZE_002489,6.32,6.32,0.0,187538.7,家居用品,217573.7
2017-10-19,SZE_002489,6.26,6.26,0.0,187538.7,家居用品,217573.7
2017-10-20,SZE_002489,6.29,6.29,0.0,187538.7,家居用品,217573.7
2017-10-23,SZE_002489,6.31,6.31,0.0,187538.7,家居用品,217573.7
2017-10-24,SZE_002489,6.33,6.33,0.0,187538.7,家居用品,217573.7
2017-10-25,SZE_002489,6.36,6.36,0.0,187538.7,家居用品,217573.7
2017-10-26,SZE_002489,6.36,6.36,0.0,187538.7,家居用品,217573.7
2017-10-27,SZE_002489,6.29,6.29,0.0,187538.7,家居用品,217573.7
2017-10-30,SZE_002489,6.16,6.16,0.0,187538.7,家居用品,217573.7
2017-10-31,SZE_002489,6.22,6.22,0.0,187538.7,家居用品,217573.7
2017-11-01,SZE_002489,6.18,6.18,0.0,187538.7,家居用品,217573.7
2017-11-02,SZE_002489,6.37,6.37,0.0,187538.7,家居用品,217573.7
2017-11-03,SZE_002489,6.46,6.46,0.0,187538.7,家居用品,217573.7
2017-11-06,SZE_002489,6.28,6.28,0.0,187538.7,家居用品,217573.7
2017-11-07,SZE_002489,6.9,6.9,0.0,187538.7,家居用品,217573.7
