Date,Code,AdjClose,Close,ST,FreeFloatA,Industry,TotalShare
2007-01-04,SZE_000605,4.14,4.14,0.0,3135.0,水务,9322.5
2007-01-05,SZE_000605,3.98,3.98,0.0,3135.0,水务,9322.5
2007-01-08,SZE_000605,4.11,4.11,0.0,3135.0,水务,9322.5
2007-01-09,SZE_000605,4.16,4.16,0.0,3135.0,水务,9322.5
2007-01-10,SZE_000605,4.27,4.27,0.0,3135.0,水务,9322.5
2007-01-11,SZE_000605,4.48,4.48,0.0,3135.0,水务,9322.5
2007-01-12,SZE_000605,4.19,4.19,0.0,3135.0,水务,9322.5
2007-01-15,SZE_000605,4.29,4.29,0.0,3135.0,水务,9322.5
2007-01-16,SZE_000605,4.33,4.33,0.0,3135.0,水务,9322.5
2007-01-17,SZE_000605,4.21,4.21,0.0,3135.0,水务,9322.5
2007-01-18,SZE_000605,4.3,4.3,0.0,3135.0,水务,9322.5
2007-01-19,SZE_000605,4.6,4.6,0.0,3135.0,水务,9322.5
2007-01-22,SZE_000605,5.06,5.06,0.0,3135.0,水务,9322.5
2007-03-14,SZE_000605,5.57,5.57,0.0,3135.0,水务,9322.5
2007-03-15,SZE_000605,6.13,6.13,0.0,3135.0,水务,9322.5
2007-03-16,SZE_000605,6.74,6.74,0.0,3135.0,水务,9322.5
2007-03-19,SZE_000605,7.41,7.41,0.0,3135.0,水务,9322.5
2007-03-20,SZE_000605,8.15,8.15,0.0,3135.0,水务,9322.5
2007-03-21,SZE_000605,8.97,8.97,0.0,3135.0,水务,9322.5
2007-03-22,SZE_000605,9.87,9.87,0.0,3135.0,水务,9322.5
2007-03-23,SZE_000605,10.86,10.86,0.0,3135.0,水务,9322.5
2007-11-26,SZE_000605,11.4,11.4,1.0,3135.0,水务,9322.5
2007-11-27,SZE_000605,11.97,11.97,1.0,3135.0,水务,9322.5
2007-11-28,SZE_000605,12.57,12.57,1.0,3135.0,水务,9322.5
2007-11-29,SZE_000605,13.2,13.2,1.0,3135.0,水务,9322.5
2007-11-30,SZE_000605,13.86,13.86,1.0,3135.0,水务,9322.5
2007-12-03,SZE_000605,14.55,14.55,1.0,3135.0,水务,9322.5
2007-12-18,SZE_000605,15.28,15.28,1.0,3135.0,水务,9322.5
2007-12-19,SZE_000605,16.04,16.04,1.0,3135.0,水务,9322.5
2007-12-20,SZE_000605,15.42,15.42,1.0,3135.0,水务,9322.5
2007-12-21,SZE_000605,16.19,16.19,1.0,3135.0,水务,9322.5
2007-12-24,SZE_000605,17.0,17.0,1.0,3135.0,水务,9322.5
2007-12-25,SZE_000605,17.85,17.85,1.0,3135.0,水务,9322.5
2007-12-26,SZE_000605,18.73,18.73,1.0,3135.0,水务,9322.5
2007-12-28,SZE_000605,19.67,19.67,1.0,3135.0,水务,9322.5
2008-01-02,SZE_000605,20.65,20.65,1.0,3135.0,水务,9322.5
2008-01-03,SZE_000605,21.68,21.68,1.0,3135.0,水务,9322.5
2008-01-04,SZE_000605,22.76,22.76,1.0,3135.0,水务,9322.5
2008-01-07,SZE_000605,23.9,23.9,1.0,3135.0,水务,9322.5
2008-01-08,SZE_000605,25.1,25.1,1.0,3135.0,水务,9322.5
2008-01-09,SZE_000605,26.36,26.36,1.0,3135.0,水务,9322.5
2008-01-10,SZE_000605,27.68,27.68,1.0,3135.0,水务,9322.5
2008-01-11,SZE_000605,29.06,29.06,1.0,3135.0,水务,9322.5
2008-01-28,SZE_000605,27.61,27.61,1.0,4125.0,水务,9322.5
2008-01-29,SZE_000605,26.23,26.23,1.0,4125.0,水务,9322.5
2008-01-30,SZE_000605,24.92,24.92,1.0,4125.0,水务,9322.5
2008-01-31,SZE_000605,23.67,23.67,1.0,4125.0,水务,9322.5
2008-02-01,SZE_000605,22.49,22.49,1.0,4125.0,水务,9322.5
2008-02-04,SZE_000605,21.4,21.4,1.0,4125.0,水务,9322.5
2008-02-05,SZE_000605,20.33,20.33,1.0,4125.0,水务,9322.5
2008-02-13,SZE_000605,19.31,19.31,1.0,4125.0,水务,9322.5
2008-02-14,SZE_000605,20.28,20.28,1.0,4125.0,水务,9322.5
2008-02-15,SZE_000605,19.8,19.8,1.0,4125.0,水务,9322.5
2008-02-18,SZE_000605,19.61,19.61,1.0,4125.0,水务,9322.5
2008-02-19,SZE_000605,19.63,19.63,1.0,4125.0,水务,9322.5
2008-02-20,SZE_000605,20.61,20.61,1.0,4125.0,水务,9322.5
2008-02-21,SZE_000605,20.45,20.45,1.0,4125.0,水务,9322.5
2008-02-22,SZE_000605,19.43,19.43,1.0,4125.0,水务,9322.5
2008-02-25,SZE_000605,18.46,18.46,1.0,4125.0,水务,9322.5
2008-02-26,SZE_000605,17.54,17.54,1.0,4125.0,水务,9322.5
2008-02-27,SZE_000605,17.23,17.23,1.0,4125.0,水务,9322.5
2008-02-29,SZE_000605,18.09,18.09,1.0,4125.0,水务,9322.5
2008-03-03,SZE_000605,17.66,17.66,1.0,4125.0,水务,9322.5
2008-03-04,SZE_000605,17.1,17.1,1.0,4125.0,水务,9322.5
2008-03-05,SZE_000605,17.19,17.19,1.0,4125.0,水务,9322.5
2008-03-06,SZE_000605,17.4,17.4,1.0,4125.0,水务,9322.5
2008-03-07,SZE_000605,16.94,16.94,1.0,4125.0,水务,9322.5
2008-03-10,SZE_000605,16.09,16.09,1.0,4125.0,水务,9322.5
2008-03-11,SZE_000605,16.89,16.89,1.0,4125.0,水务,9322.5
2008-03-12,SZE_000605,16.88,16.88,1.0,4125.0,水务,9322.5
2008-03-13,SZE_000605,17.72,17.72,1.0,4125.0,水务,9322.5
2008-03-17,SZE_000605,16.83,16.83,1.0,4125.0,水务,9322.5
2008-03-18,SZE_000605,15.99,15.99,1.0,4125.0,水务,9322.5
2008-03-19,SZE_000605,15.19,15.19,1.0,4125.0,水务,9322.5
2008-03-20,SZE_000605,15.2,15.2,1.0,4125.0,水务,9322.5
2008-03-21,SZE_000605,14.63,14.63,1.0,4125.0,水务,9322.5
2008-03-24,SZE_000605,13.9,13.9,1.0,4125.0,水务,9322.5
2008-03-25,SZE_000605,13.24,13.24,1.0,4125.0,水务,9322.5
2008-03-26,SZE_000605,12.8,12.8,1.0,4125.0,水务,9322.5
2008-03-27,SZE_000605,12.16,12.16,1.0,4125.0,水务,9322.5
2008-03-28,SZE_000605,12.49,12.49,1.0,4125.0,水务,9322.5
2008-03-31,SZE_000605,11.87,11.87,1.0,4125.0,水务,9322.5
2008-04-01,SZE_000605,11.28,11.28,1.0,4125.0,水务,9322.5
2008-04-02,SZE_000605,10.72,10.72,1.0,4125.0,水务,9322.5
2008-04-03,SZE_000605,10.26,10.26,1.0,4125.0,水务,9322.5
2008-04-07,SZE_000605,10.77,10.77,1.0,4125.0,水务,9322.5
2008-04-08,SZE_000605,11.31,11.31,1.0,4125.0,水务,9322.5
2008-04-09,SZE_000605,11.88,11.88,1.0,4125.0,水务,9322.5
2008-04-10,SZE_000605,12.47,12.47,1.0,4125.0,水务,9322.5
2008-04-11,SZE_000605,13.09,13.09,1.0,4125.0,水务,9322.5
2008-04-14,SZE_000605,13.74,13.74,1.0,4125.0,水务,9322.5
2008-04-15,SZE_000605,14.43,14.43,1.0,4125.0,水务,9322.5
2008-04-16,SZE_000605,15.15,15.15,1.0,4125.0,水务,9322.5
2008-04-17,SZE_000605,15.91,15.91,1.0,4125.0,水务,9322.5
2008-04-30,SZE_000605,16.71,16.71,1.0,4125.0,水务,9322.5
2008-05-05,SZE_000605,15.87,15.87,1.0,4125.0,水务,9322.5
2008-05-06,SZE_000605,16.66,16.66,1.0,4125.0,水务,9322.5
2008-05-07,SZE_000605,15.83,15.83,1.0,4125.0,水务,9322.5
2008-05-09,SZE_000605,15.09,15.09,1.0,4125.0,水务,9322.5
2008-05-12,SZE_000605,14.52,14.52,1.0,4125.0,水务,9322.5
2008-05-13,SZE_000605,14.83,14.83,1.0,4125.0,水务,9322.5
2008-05-14,SZE_000605,14.61,14.61,1.0,4125.0,水务,9322.5
2008-05-15,SZE_000605,14.9,14.9,1.0,4125.0,水务,9322.5
2008-05-16,SZE_000605,14.72,14.72,1.0,4125.0,水务,9322.5
2008-05-19,SZE_000605,14.92,14.92,1.0,4125.0,水务,9322.5
2008-05-20,SZE_000605,14.17,14.17,1.0,4125.0,水务,9322.5
2008-05-21,SZE_000605,13.85,13.85,1.0,4125.0,水务,9322.5
2008-05-22,SZE_000605,13.16,13.16,1.0,4125.0,水务,9322.5
2008-05-23,SZE_000605,13.82,13.82,1.0,4125.0,水务,9322.5
2008-05-26,SZE_000605,13.13,13.13,1.0,4125.0,水务,9322.5
2008-05-27,SZE_000605,13.21,13.21,1.0,4125.0,水务,9322.5
2008-05-28,SZE_000605,13.7,13.7,1.0,4125.0,水务,9322.5
2008-05-29,SZE_000605,13.25,13.25,1.0,4125.0,水务,9322.5
2008-05-30,SZE_000605,13.34,13.34,1.0,4125.0,水务,9322.5
2008-06-02,SZE_000605,13.25,13.25,1.0,4125.0,水务,9322.5
2008-06-03,SZE_000605,13.12,13.12,1.0,4125.0,水务,9322.5
2008-06-04,SZE_000605,13.78,13.78,1.0,4125.0,水务,9322.5
2008-06-05,SZE_000605,14.47,14.47,1.0,4125.0,水务,9322.5
2008-06-06,SZE_000605,14.2,14.2,1.0,4125.0,水务,9322.5
2008-06-10,SZE_000605,13.49,13.49,1.0,4125.0,水务,9322.5
2008-06-11,SZE_000605,12.82,12.82,1.0,4125.0,水务,9322.5
2008-06-12,SZE_000605,12.19,12.19,1.0,4125.0,水务,9322.5
2008-06-13,SZE_000605,11.69,11.69,1.0,4125.0,水务,9322.5
2008-06-16,SZE_000605,11.11,11.11,1.0,4125.0,水务,9322.5
2008-06-17,SZE_000605,10.55,10.55,1.0,4125.0,水务,9322.5
2008-06-18,SZE_000605,10.81,10.81,1.0,4125.0,水务,9322.5
2008-06-19,SZE_000605,10.27,10.27,1.0,4125.0,水务,9322.5
2008-06-20,SZE_000605,10.1,10.1,1.0,4125.0,水务,9322.5
2008-06-23,SZE_000605,9.95,9.95,1.0,4125.0,水务,9322.5
2008-06-24,SZE_000605,10.22,10.22,1.0,4125.0,水务,9322.5
2008-06-25,SZE_000605,10.73,10.73,1.0,4125.0,水务,9322.5
2008-06-26,SZE_000605,10.9,10.9,1.0,4125.0,水务,9322.5
2008-06-27,SZE_000605,10.36,10.36,1.0,4125.0,水务,9322.5
2008-06-30,SZE_000605,9.84,9.84,1.0,4125.0,水务,9322.5
2008-07-01,SZE_000605,9.35,9.35,1.0,4125.0,水务,9322.5
2008-07-02,SZE_000605,8.88,8.88,1.0,4125.0,水务,9322.5
2008-07-03,SZE_000605,9.12,9.12,1.0,4125.0,水务,9322.5
2008-07-04,SZE_000605,9.18,9.18,1.0,4125.0,水务,9322.5
2008-07-07,SZE_000605,9.64,9.64,1.0,4125.0,水务,9322.5
2008-07-08,SZE_000605,10.12,10.12,1.0,4125.0,水务,9322.5
2008-07-09,SZE_000605,10.35,10.35,1.0,4125.0,水务,9322.5
2008-07-10,SZE_000605,10.01,10.01,1.0,4125.0,水务,9322.5
2008-07-11,SZE_000605,9.89,9.89,1.0,4125.0,水务,9322.5
2008-07-14,SZE_000605,10.38,10.38,1.0,4125.0,水务,9322.5
2008-07-15,SZE_000605,10.57,10.57,1.0,4125.0,水务,9322.5
2008-07-16,SZE_000605,10.04,10.04,1.0,4125.0,水务,9322.5
2008-07-17,SZE_000605,9.58,9.58,1.0,4125.0,水务,9322.5
2008-07-18,SZE_000605,9.9,9.9,1.0,4125.0,水务,9322.5
2008-07-21,SZE_000605,10.4,10.4,1.0,4125.0,水务,9322.5
2008-07-22,SZE_000605,10.24,10.24,1.0,4125.0,水务,9322.5
2008-07-23,SZE_000605,10.31,10.31,1.0,4125.0,水务,9322.5
2008-07-24,SZE_000605,10.59,10.59,1.0,4125.0,水务,9322.5
2008-07-25,SZE_000605,10.52,10.52,1.0,4125.0,水务,9322.5
2008-07-28,SZE_000605,10.63,10.63,1.0,4125.0,水务,9322.5
2008-07-29,SZE_000605,10.3,10.3,1.0,4125.0,水务,9322.5
2008-07-30,SZE_000605,10.46,10.46,1.0,4125.0,水务,9322.5
2008-07-31,SZE_000605,10.11,10.11,1.0,4125.0,水务,9322.5
2008-08-01,SZE_000605,10.32,10.32,1.0,4125.0,水务,9322.5
2008-08-04,SZE_000605,10.0,10.0,1.0,4125.0,水务,9322.5
2008-08-05,SZE_000605,9.75,9.75,1.0,4125.0,水务,9322.5
2008-08-06,SZE_000605,9.8,9.8,1.0,4125.0,水务,9322.5
2008-08-07,SZE_000605,9.9,9.9,1.0,4125.0,水务,9322.5
2008-08-08,SZE_000605,9.41,9.41,1.0,4125.0,水务,9322.5
2008-08-11,SZE_000605,8.94,8.94,1.0,4125.0,水务,9322.5
2008-08-12,SZE_000605,8.49,8.49,1.0,4125.0,水务,9322.5
2008-08-13,SZE_000605,8.18,8.18,1.0,4125.0,水务,9322.5
2008-08-14,SZE_000605,8.08,8.08,1.0,4125.0,水务,9322.5
2008-08-15,SZE_000605,7.92,7.92,1.0,4125.0,水务,9322.5
2008-08-19,SZE_000605,7.52,7.52,1.0,4125.0,水务,9322.5
2008-08-20,SZE_000605,7.9,7.9,1.0,4125.0,水务,9322.5
2008-08-21,SZE_000605,8.3,8.3,1.0,4125.0,水务,9322.5
2008-08-22,SZE_000605,7.91,7.91,1.0,4125.0,水务,9322.5
2008-08-25,SZE_000605,7.86,7.86,1.0,4125.0,水务,9322.5
2008-08-26,SZE_000605,7.54,7.54,1.0,4125.0,水务,9322.5
2008-08-27,SZE_000605,7.65,7.65,1.0,4125.0,水务,9322.5
2008-08-28,SZE_000605,7.8,7.8,1.0,4125.0,水务,9322.5
2008-08-29,SZE_000605,7.96,7.96,1.0,4125.0,水务,9322.5
2008-09-01,SZE_000605,7.67,7.67,1.0,4125.0,水务,9322.5
2008-09-02,SZE_000605,7.85,7.85,1.0,4125.0,水务,9322.5
2008-09-03,SZE_000605,7.69,7.69,1.0,4125.0,水务,9322.5
2008-09-04,SZE_000605,7.79,7.79,1.0,4125.0,水务,9322.5
2008-09-05,SZE_000605,7.64,7.64,1.0,4125.0,水务,9322.5
2008-09-08,SZE_000605,7.3,7.3,1.0,4125.0,水务,9322.5
2008-09-09,SZE_000605,7.12,7.12,1.0,4125.0,水务,9322.5
2008-09-10,SZE_000605,7.35,7.35,1.0,4125.0,水务,9322.5
2008-09-11,SZE_000605,6.98,6.98,1.0,4125.0,水务,9322.5
2008-09-12,SZE_000605,6.93,6.93,1.0,4125.0,水务,9322.5
2008-09-16,SZE_000605,6.58,6.58,1.0,4125.0,水务,9322.5
2008-09-17,SZE_000605,6.25,6.25,1.0,4125.0,水务,9322.5
2008-09-18,SZE_000605,5.95,5.95,1.0,4125.0,水务,9322.5
2008-09-19,SZE_000605,6.25,6.25,1.0,4125.0,水务,9322.5
2008-09-22,SZE_000605,6.56,6.56,1.0,4125.0,水务,9322.5
2008-09-23,SZE_000605,6.88,6.88,1.0,4125.0,水务,9322.5
2008-09-24,SZE_000605,6.82,6.82,1.0,4125.0,水务,9322.5
2008-09-25,SZE_000605,7.16,7.16,1.0,4125.0,水务,9322.5
2008-09-26,SZE_000605,7.2,7.2,1.0,4125.0,水务,9322.5
2008-10-06,SZE_000605,7.08,7.08,1.0,4125.0,水务,9322.5
2008-10-07,SZE_000605,6.73,6.73,1.0,4125.0,水务,9322.5
2008-10-08,SZE_000605,6.39,6.39,1.0,4125.0,水务,9322.5
2008-10-09,SZE_000605,6.18,6.18,1.0,4125.0,水务,9322.5
2008-10-10,SZE_000605,5.87,5.87,1.0,4125.0,水务,9322.5
2008-10-13,SZE_000605,6.1,6.1,1.0,4125.0,水务,9322.5
2008-10-14,SZE_000605,5.8,5.8,1.0,4125.0,水务,9322.5
2008-10-15,SZE_000605,5.69,5.69,1.0,4125.0,水务,9322.5
2008-10-16,SZE_000605,5.41,5.41,1.0,4125.0,水务,9322.5
2008-10-17,SZE_000605,5.46,5.46,1.0,4125.0,水务,9322.5
2008-10-20,SZE_000605,5.73,5.73,1.0,4125.0,水务,9322.5
2008-10-21,SZE_000605,5.6,5.6,1.0,4125.0,水务,9322.5
2008-10-22,SZE_000605,5.86,5.86,1.0,4125.0,水务,9322.5
2008-10-23,SZE_000605,6.15,6.15,1.0,4125.0,水务,9322.5
2008-10-24,SZE_000605,5.97,5.97,1.0,4125.0,水务,9322.5
2008-10-27,SZE_000605,5.67,5.67,1.0,4125.0,水务,9322.5
2008-10-28,SZE_000605,5.8,5.8,1.0,4125.0,水务,9322.5
2008-10-29,SZE_000605,5.85,5.85,1.0,4125.0,水务,9322.5
2008-10-30,SZE_000605,5.93,5.93,1.0,4125.0,水务,9322.5
2008-10-31,SZE_000605,5.7,5.7,1.0,4125.0,水务,9322.5
2008-11-03,SZE_000605,5.42,5.42,1.0,4125.0,水务,9322.5
2008-11-04,SZE_000605,5.18,5.18,1.0,4125.0,水务,9322.5
2008-11-05,SZE_000605,5.28,5.28,1.0,4125.0,水务,9322.5
2008-11-06,SZE_000605,5.12,5.12,1.0,4125.0,水务,9322.5
2008-11-07,SZE_000605,5.23,5.23,1.0,4125.0,水务,9322.5
2008-11-10,SZE_000605,5.49,5.49,1.0,4125.0,水务,9322.5
2008-11-11,SZE_000605,5.73,5.73,1.0,4125.0,水务,9322.5
2008-11-12,SZE_000605,5.83,5.83,1.0,4125.0,水务,9322.5
2008-11-13,SZE_000605,6.08,6.08,1.0,4125.0,水务,9322.5
2008-11-14,SZE_000605,6.21,6.21,1.0,4125.0,水务,9322.5
2008-11-17,SZE_000605,6.27,6.27,1.0,4125.0,水务,9322.5
2008-11-18,SZE_000605,5.96,5.96,1.0,4125.0,水务,9322.5
2008-11-19,SZE_000605,6.26,6.26,1.0,4125.0,水务,9322.5
2008-11-20,SZE_000605,6.43,6.43,1.0,4125.0,水务,9322.5
2008-11-21,SZE_000605,6.75,6.75,1.0,4125.0,水务,9322.5
2008-11-24,SZE_000605,7.08,7.08,1.0,4125.0,水务,9322.5
2008-11-25,SZE_000605,7.43,7.43,1.0,4125.0,水务,9322.5
2008-11-26,SZE_000605,7.8,7.8,1.0,4125.0,水务,9322.5
2008-11-27,SZE_000605,7.75,7.75,1.0,4125.0,水务,9322.5
2008-11-28,SZE_000605,7.36,7.36,1.0,4125.0,水务,9322.5
2008-12-01,SZE_000605,7.08,7.08,1.0,4125.0,水务,9322.5
2008-12-02,SZE_000605,7.17,7.17,1.0,4125.0,水务,9322.5
2008-12-03,SZE_000605,7.5,7.5,1.0,4125.0,水务,9322.5
2008-12-04,SZE_000605,7.5,7.5,1.0,4125.0,水务,9322.5
2008-12-05,SZE_000605,7.66,7.66,1.0,4125.0,水务,9322.5
2008-12-08,SZE_000605,8.04,8.04,1.0,4125.0,水务,9322.5
2008-12-09,SZE_000605,8.44,8.44,1.0,4125.0,水务,9322.5
2008-12-10,SZE_000605,8.86,8.86,1.0,4125.0,水务,9322.5
2008-12-11,SZE_000605,9.3,9.3,1.0,4125.0,水务,9322.5
2008-12-12,SZE_000605,8.84,8.84,1.0,4125.0,水务,9322.5
2008-12-15,SZE_000605,8.4,8.4,1.0,4125.0,水务,9322.5
2008-12-16,SZE_000605,8.82,8.82,1.0,4125.0,水务,9322.5
2008-12-17,SZE_000605,9.26,9.26,1.0,4125.0,水务,9322.5
2008-12-18,SZE_000605,8.99,8.99,1.0,4125.0,水务,9322.5
2008-12-19,SZE_000605,9.08,9.08,1.0,4125.0,水务,9322.5
2008-12-22,SZE_000605,8.94,8.94,1.0,4125.0,水务,9322.5
2008-12-23,SZE_000605,8.49,8.49,1.0,4125.0,水务,9322.5
2008-12-24,SZE_000605,8.07,8.07,1.0,4125.0,水务,9322.5
2008-12-25,SZE_000605,8.15,8.15,1.0,4125.0,水务,9322.5
2008-12-26,SZE_000605,7.99,7.99,1.0,4125.0,水务,9322.5
2008-12-29,SZE_000605,7.77,7.77,1.0,4125.0,水务,9322.5
2008-12-30,SZE_000605,8.16,8.16,1.0,4125.0,水务,9322.5
2008-12-31,SZE_000605,7.78,7.78,1.0,4125.0,水务,9322.5
2009-01-05,SZE_000605,7.87,7.87,1.0,4125.0,水务,9322.5
2009-01-06,SZE_000605,8.09,8.09,1.0,4125.0,水务,9322.5
2009-01-07,SZE_000605,8.24,8.24,1.0,4125.0,水务,9322.5
2009-01-08,SZE_000605,7.83,7.83,1.0,4125.0,水务,9322.5
2009-01-09,SZE_000605,7.93,7.93,1.0,4125.0,水务,9322.5
2009-01-12,SZE_000605,7.97,7.97,1.0,4125.0,水务,9322.5
2009-01-13,SZE_000605,7.62,7.62,1.0,4125.0,水务,9322.5
2009-01-14,SZE_000605,8.0,8.0,1.0,4125.0,水务,9322.5
2009-01-15,SZE_000605,7.88,7.88,1.0,4125.0,水务,9322.5
2009-01-16,SZE_000605,8.27,8.27,1.0,4125.0,水务,9322.5
2009-01-19,SZE_000605,8.25,8.25,1.0,4125.0,水务,9322.5
2009-01-20,SZE_000605,8.36,8.36,1.0,4125.0,水务,9322.5
2009-01-21,SZE_000605,8.65,8.65,1.0,4125.0,水务,9322.5
2009-01-22,SZE_000605,8.67,8.67,1.0,4125.0,水务,9322.5
2009-01-23,SZE_000605,8.5,8.5,1.0,4125.0,水务,9322.5
2009-02-02,SZE_000605,8.73,8.73,1.0,4125.0,水务,9322.5
2009-02-03,SZE_000605,8.85,8.85,1.0,4125.0,水务,9322.5
2009-02-04,SZE_000605,9.29,9.29,1.0,4125.0,水务,9322.5
2009-02-05,SZE_000605,9.32,9.32,1.0,4125.0,水务,9322.5
2009-02-06,SZE_000605,9.48,9.48,1.0,4125.0,水务,9322.5
2009-02-09,SZE_000605,9.71,9.71,1.0,4125.0,水务,9322.5
2009-02-10,SZE_000605,9.74,9.74,1.0,4125.0,水务,9322.5
2009-02-11,SZE_000605,10.2,10.2,1.0,4125.0,水务,9322.5
2009-02-12,SZE_000605,9.89,9.89,1.0,4125.0,水务,9322.5
2009-02-13,SZE_000605,10.34,10.34,1.0,4125.0,水务,9322.5
2009-02-16,SZE_000605,10.6,10.6,1.0,4125.0,水务,9322.5
2009-02-17,SZE_000605,10.22,10.22,1.0,4125.0,水务,9322.5
2009-02-18,SZE_000605,9.9,9.9,1.0,4125.0,水务,9322.5
2009-02-19,SZE_000605,9.8,9.8,1.0,4125.0,水务,9322.5
2009-02-20,SZE_000605,10.29,10.29,1.0,4125.0,水务,9322.5
2009-02-23,SZE_000605,10.8,10.8,1.0,4125.0,水务,9322.5
2009-02-24,SZE_000605,10.75,10.75,1.0,4125.0,水务,9322.5
2009-02-25,SZE_000605,10.51,10.51,1.0,4125.0,水务,9322.5
2009-02-26,SZE_000605,10.06,10.06,1.0,4125.0,水务,9322.5
2009-02-27,SZE_000605,9.56,9.56,1.0,4125.0,水务,9322.5
2009-03-02,SZE_000605,9.08,9.08,1.0,4125.0,水务,9322.5
2009-03-03,SZE_000605,8.97,8.97,1.0,4125.0,水务,9322.5
2009-03-04,SZE_000605,9.42,9.42,1.0,4125.0,水务,9322.5
2009-03-05,SZE_000605,9.35,9.35,1.0,4125.0,水务,9322.5
2009-03-06,SZE_000605,9.36,9.36,1.0,4125.0,水务,9322.5
2009-03-09,SZE_000605,9.02,9.02,1.0,4125.0,水务,9322.5
2009-03-10,SZE_000605,9.2,9.2,1.0,4125.0,水务,9322.5
2009-03-11,SZE_000605,9.15,9.15,1.0,4125.0,水务,9322.5
2009-03-12,SZE_000605,9.13,9.13,1.0,4125.0,水务,9322.5
2009-03-13,SZE_000605,9.18,9.18,1.0,4125.0,水务,9322.5
2009-03-16,SZE_000605,9.42,9.42,1.0,4125.0,水务,9322.5
2009-03-17,SZE_000605,9.68,9.68,1.0,4125.0,水务,9322.5
2009-03-18,SZE_000605,9.64,9.64,1.0,4125.0,水务,9322.5
2009-03-19,SZE_000605,9.79,9.79,1.0,4125.0,水务,9322.5
2009-03-20,SZE_000605,9.66,9.66,1.0,4125.0,水务,9322.5
2009-03-23,SZE_000605,10.01,10.01,1.0,4125.0,水务,9322.5
2009-03-24,SZE_000605,10.18,10.18,1.0,4125.0,水务,9322.5
2009-03-25,SZE_000605,10.28,10.28,1.0,4125.0,水务,9322.5
2009-03-26,SZE_000605,10.33,10.33,1.0,4125.0,水务,9322.5
2009-03-27,SZE_000605,10.78,10.78,1.0,4125.0,水务,9322.5
2009-03-30,SZE_000605,10.8,10.8,1.0,4125.0,水务,9322.5
2009-03-31,SZE_000605,10.53,10.53,1.0,4125.0,水务,9322.5
2009-04-01,SZE_000605,10.67,10.67,1.0,4125.0,水务,9322.5
2009-04-02,SZE_000605,10.5,10.5,1.0,4125.0,水务,9322.5
2009-04-03,SZE_000605,10.42,10.42,1.0,4125.0,水务,9322.5
2009-04-07,SZE_000605,10.94,10.94,1.0,4125.0,水务,9322.5
2009-04-08,SZE_000605,10.48,10.48,1.0,4125.0,水务,9322.5
2009-04-09,SZE_000605,10.58,10.58,1.0,4125.0,水务,9322.5
2009-04-10,SZE_000605,11.0,11.0,1.0,4125.0,水务,9322.5
2009-04-13,SZE_000605,11.25,11.25,1.0,4125.0,水务,9322.5
2009-04-14,SZE_000605,11.59,11.59,1.0,4125.0,水务,9322.5
2009-04-15,SZE_000605,11.41,11.41,1.0,4125.0,水务,9322.5
2009-04-16,SZE_000605,11.98,11.98,1.0,4125.0,水务,9322.5
2009-04-17,SZE_000605,12.58,12.58,1.0,4125.0,水务,9322.5
2009-04-20,SZE_000605,13.21,13.21,1.0,4125.0,水务,9322.5
2009-04-21,SZE_000605,12.86,12.86,1.0,4125.0,水务,9322.5
2009-04-22,SZE_000605,12.22,12.22,1.0,4125.0,水务,9322.5
2009-04-23,SZE_000605,11.77,11.77,1.0,4125.0,水务,9322.5
2009-04-24,SZE_000605,11.83,11.83,1.0,4125.0,水务,9322.5
2009-04-27,SZE_000605,11.24,11.24,1.0,4125.0,水务,9322.5
2009-04-28,SZE_000605,11.6,11.6,1.0,4125.0,水务,9322.5
2009-04-29,SZE_000605,11.81,11.81,1.0,4125.0,水务,9322.5
2009-04-30,SZE_000605,11.9,11.9,1.0,4125.0,水务,9322.5
2009-05-04,SZE_000605,12.09,12.09,1.0,4125.0,水务,9322.5
2009-05-05,SZE_000605,12.3,12.3,1.0,4125.0,水务,9322.5
2009-05-06,SZE_000605,12.25,12.25,1.0,4125.0,水务,9322.5
2009-05-07,SZE_000605,12.0,12.0,1.0,4125.0,水务,9322.5
2009-05-08,SZE_000605,12.31,12.31,1.0,4125.0,水务,9322.5
2009-05-11,SZE_000605,11.8,11.8,1.0,4125.0,水务,9322.5
2009-05-12,SZE_000605,12.03,12.03,1.0,4125.0,水务,9322.5
2009-05-13,SZE_000605,12.15,12.15,1.0,4125.0,水务,9322.5
2009-05-14,SZE_000605,12.02,12.02,1.0,4125.0,水务,9322.5
2009-05-15,SZE_000605,12.32,12.32,1.0,4125.0,水务,9322.5
2009-05-19,SZE_000605,12.16,12.16,1.0,4125.0,水务,9322.5
2009-05-20,SZE_000605,12.16,12.16,1.0,4125.0,水务,9322.5
2009-05-21,SZE_000605,11.7,11.7,1.0,4125.0,水务,9322.5
2009-05-22,SZE_000605,11.54,11.54,1.0,4125.0,水务,9322.5
2009-05-25,SZE_000605,11.6,11.6,1.0,4125.0,水务,9322.5
2009-05-26,SZE_000605,11.8,11.8,1.0,4125.0,水务,9322.5
2009-05-27,SZE_000605,11.7,11.7,1.0,4125.0,水务,9322.5
2009-06-01,SZE_000605,11.75,11.75,1.0,4125.0,水务,9322.5
2009-06-02,SZE_000605,11.92,11.92,1.0,4125.0,水务,9322.5
2009-06-03,SZE_000605,12.12,12.12,1.0,4125.0,水务,9322.5
2009-06-04,SZE_000605,11.9,11.9,1.0,4125.0,水务,9322.5
2009-06-05,SZE_000605,11.9,11.9,1.0,4125.0,水务,9322.5
2009-06-08,SZE_000605,11.82,11.82,1.0,4125.0,水务,9322.5
2009-06-09,SZE_000605,12.22,12.22,1.0,4125.0,水务,9322.5
2009-06-10,SZE_000605,12.41,12.41,1.0,4125.0,水务,9322.5
2009-06-11,SZE_000605,12.46,12.46,1.0,4125.0,水务,9322.5
2009-06-12,SZE_000605,12.1,12.1,1.0,4125.0,水务,9322.5
2009-06-15,SZE_000605,12.46,12.46,1.0,4125.0,水务,9322.5
2009-06-16,SZE_000605,13.08,13.08,1.0,4125.0,水务,9322.5
2009-06-17,SZE_000605,12.88,12.88,1.0,4125.0,水务,9322.5
2009-06-18,SZE_000605,12.75,12.75,1.0,4125.0,水务,9322.5
2009-06-19,SZE_000605,13.08,13.08,1.0,4125.0,水务,9322.5
2009-06-22,SZE_000605,13.02,13.02,1.0,4125.0,水务,9322.5
2009-06-23,SZE_000605,12.75,12.75,1.0,4125.0,水务,9322.5
2009-06-24,SZE_000605,12.81,12.81,1.0,4125.0,水务,9322.5
2009-06-25,SZE_000605,12.79,12.79,1.0,4125.0,水务,9322.5
2009-06-26,SZE_000605,12.69,12.69,1.0,4125.0,水务,9322.5
2009-06-29,SZE_000605,12.57,12.57,1.0,4125.0,水务,9322.5
2009-06-30,SZE_000605,12.5,12.5,1.0,4125.0,水务,9322.5
2009-07-01,SZE_000605,12.32,12.32,1.0,4125.0,水务,9322.5
2009-07-02,SZE_000605,12.44,12.44,1.0,4125.0,水务,9322.5
2009-07-03,SZE_000605,12.34,12.34,1.0,4125.0,水务,9322.5
2009-07-06,SZE_000605,12.74,12.74,1.0,4125.0,水务,9322.5
2009-07-07,SZE_000605,12.5,12.5,1.0,4125.0,水务,9322.5
2009-07-08,SZE_000605,12.42,12.42,1.0,4125.0,水务,9322.5
2009-07-09,SZE_000605,12.64,12.64,1.0,4125.0,水务,9322.5
2009-07-10,SZE_000605,12.8,12.8,1.0,4125.0,水务,9322.5
2009-07-13,SZE_000605,12.79,12.79,1.0,4125.0,水务,9322.5
2009-07-14,SZE_000605,12.94,12.94,1.0,4125.0,水务,9322.5
2009-07-15,SZE_000605,12.85,12.85,1.0,4125.0,水务,9322.5
2009-07-16,SZE_000605,13.05,13.05,1.0,4125.0,水务,9322.5
2009-07-17,SZE_000605,12.84,12.84,1.0,4125.0,水务,9322.5
2009-07-20,SZE_000605,12.87,12.87,1.0,4125.0,水务,9322.5
2009-07-21,SZE_000605,12.31,12.31,1.0,4125.0,水务,9322.5
2009-07-22,SZE_000605,12.35,12.35,1.0,4125.0,水务,9322.5
2009-07-23,SZE_000605,12.47,12.47,1.0,4125.0,水务,9322.5
2009-07-24,SZE_000605,12.42,12.42,1.0,4125.0,水务,9322.5
2009-07-27,SZE_000605,12.77,12.77,1.0,4125.0,水务,9322.5
2009-07-28,SZE_000605,12.83,12.83,1.0,4125.0,水务,9322.5
2009-07-29,SZE_000605,13.47,13.47,1.0,4125.0,水务,9322.5
2009-07-30,SZE_000605,13.97,13.97,1.0,4125.0,水务,9322.5
2009-07-31,SZE_000605,13.96,13.96,1.0,4125.0,水务,9322.5
2009-08-03,SZE_000605,13.95,13.95,1.0,4125.0,水务,9322.5
2009-08-04,SZE_000605,13.57,13.57,1.0,4125.0,水务,9322.5
2009-08-05,SZE_000605,13.11,13.11,1.0,4125.0,水务,9322.5
2009-08-06,SZE_000605,13.36,13.36,1.0,4125.0,水务,9322.5
2009-08-07,SZE_000605,13.3,13.3,1.0,4125.0,水务,9322.5
2009-08-10,SZE_000605,13.7,13.7,1.0,4125.0,水务,9322.5
2009-08-11,SZE_000605,13.5,13.5,1.0,4125.0,水务,9322.5
2009-08-12,SZE_000605,12.83,12.83,1.0,4125.0,水务,9322.5
2009-08-13,SZE_000605,12.19,12.19,1.0,4125.0,水务,9322.5
2009-08-14,SZE_000605,11.62,11.62,1.0,4125.0,水务,9322.5
2009-08-17,SZE_000605,11.04,11.04,1.0,4125.0,水务,9322.5
2009-08-18,SZE_000605,10.72,10.72,1.0,4125.0,水务,9322.5
2009-08-19,SZE_000605,10.22,10.22,1.0,4125.0,水务,9322.5
2009-08-20,SZE_000605,10.48,10.48,1.0,4125.0,水务,9322.5
2009-08-21,SZE_000605,10.73,10.73,1.0,4125.0,水务,9322.5
2009-08-24,SZE_000605,10.93,10.93,1.0,4125.0,水务,9322.5
2009-08-25,SZE_000605,11.35,11.35,1.0,4125.0,水务,9322.5
2009-08-26,SZE_000605,11.49,11.49,1.0,4125.0,水务,9322.5
2009-08-27,SZE_000605,11.6,11.6,1.0,4125.0,水务,9322.5
2009-08-28,SZE_000605,11.15,11.15,1.0,4125.0,水务,9322.5
2009-08-31,SZE_000605,10.59,10.59,1.0,4125.0,水务,9322.5
2009-09-01,SZE_000605,10.25,10.25,1.0,4125.0,水务,9322.5
2009-09-02,SZE_000605,10.05,10.05,1.0,4125.0,水务,9322.5
2009-09-03,SZE_000605,10.49,10.49,1.0,4125.0,水务,9322.5
2009-09-04,SZE_000605,10.57,10.57,1.0,4125.0,水务,9322.5
2009-09-07,SZE_000605,10.86,10.86,1.0,4125.0,水务,9322.5
2009-09-08,SZE_000605,10.88,10.88,1.0,4125.0,水务,9322.5
2009-09-09,SZE_000605,10.87,10.87,1.0,4125.0,水务,9322.5
2009-09-10,SZE_000605,10.54,10.54,1.0,4125.0,水务,9322.5
2009-09-11,SZE_000605,10.77,10.77,1.0,4125.0,水务,9322.5
2009-09-14,SZE_000605,11.0,11.0,1.0,4125.0,水务,9322.5
2009-09-15,SZE_000605,11.11,11.11,1.0,4125.0,水务,9322.5
2009-09-16,SZE_000605,10.95,10.95,1.0,4125.0,水务,9322.5
2009-09-17,SZE_000605,11.5,11.5,1.0,4125.0,水务,9322.5
2009-09-18,SZE_000605,11.26,11.26,1.0,4125.0,水务,9322.5
2009-09-21,SZE_000605,11.22,11.22,1.0,4125.0,水务,9322.5
2009-09-22,SZE_000605,10.98,10.98,1.0,4125.0,水务,9322.5
2009-09-23,SZE_000605,11.07,11.07,1.0,4125.0,水务,9322.5
2009-09-24,SZE_000605,11.38,11.38,1.0,4125.0,水务,9322.5
2009-09-25,SZE_000605,11.38,11.38,1.0,4125.0,水务,9322.5
2009-09-28,SZE_000605,11.3,11.3,1.0,4125.0,水务,9322.5
2009-09-29,SZE_000605,11.31,11.31,1.0,4125.0,水务,9322.5
2009-09-30,SZE_000605,11.43,11.43,1.0,4125.0,水务,9322.5
2009-10-09,SZE_000605,11.74,11.74,1.0,4125.0,水务,9322.5
2009-10-12,SZE_000605,11.75,11.75,1.0,4125.0,水务,9322.5
2009-10-13,SZE_000605,11.9,11.9,1.0,4125.0,水务,9322.5
2009-10-14,SZE_000605,11.85,11.85,1.0,4125.0,水务,9322.5
2009-10-15,SZE_000605,11.39,11.39,1.0,4125.0,水务,9322.5
2009-10-16,SZE_000605,11.4,11.4,1.0,4125.0,水务,9322.5
2009-10-19,SZE_000605,11.59,11.59,1.0,4125.0,水务,9322.5
2009-10-20,SZE_000605,11.7,11.7,1.0,4125.0,水务,9322.5
2009-10-21,SZE_000605,11.9,11.9,1.0,4125.0,水务,9322.5
2009-10-22,SZE_000605,11.84,11.84,1.0,4125.0,水务,9322.5
2009-10-23,SZE_000605,12.21,12.21,1.0,4125.0,水务,9322.5
2009-10-26,SZE_000605,12.03,12.03,1.0,4125.0,水务,9322.5
2009-10-27,SZE_000605,11.61,11.61,1.0,4125.0,水务,9322.5
2009-10-28,SZE_000605,11.8,11.8,1.0,4125.0,水务,9322.5
2009-10-29,SZE_000605,11.59,11.59,1.0,4125.0,水务,9322.5
2009-10-30,SZE_000605,11.7,11.7,1.0,4125.0,水务,9322.5
2009-11-02,SZE_000605,12.29,12.29,1.0,4125.0,水务,9322.5
2009-11-03,SZE_000605,12.41,12.41,1.0,4125.0,水务,9322.5
2009-11-04,SZE_000605,12.37,12.37,1.0,4125.0,水务,9322.5
2009-11-05,SZE_000605,12.65,12.65,1.0,4125.0,水务,9322.5
2009-11-06,SZE_000605,12.82,12.82,1.0,4125.0,水务,9322.5
2009-11-09,SZE_000605,12.82,12.82,1.0,4125.0,水务,9322.5
2009-11-10,SZE_000605,12.7,12.7,1.0,4125.0,水务,9322.5
2009-11-11,SZE_000605,12.65,12.65,1.0,4125.0,水务,9322.5
2009-11-12,SZE_000605,12.55,12.55,1.0,4125.0,水务,9322.5
2009-11-13,SZE_000605,12.7,12.7,1.0,4125.0,水务,9322.5
2009-11-16,SZE_000605,12.83,12.83,1.0,4125.0,水务,9322.5
2009-11-17,SZE_000605,12.89,12.89,1.0,4125.0,水务,9322.5
2009-11-18,SZE_000605,13.53,13.53,1.0,4125.0,水务,9322.5
2009-11-19,SZE_000605,13.5,13.5,1.0,4125.0,水务,9322.5
2009-11-20,SZE_000605,13.41,13.41,1.0,4125.0,水务,9322.5
2009-11-23,SZE_000605,13.59,13.59,1.0,4125.0,水务,9322.5
2009-11-24,SZE_000605,12.91,12.91,1.0,4125.0,水务,9322.5
2009-11-25,SZE_000605,12.9,12.9,1.0,4125.0,水务,9322.5
2009-11-26,SZE_000605,12.26,12.26,1.0,4125.0,水务,9322.5
2009-11-27,SZE_000605,11.78,11.78,1.0,4125.0,水务,9322.5
2009-11-30,SZE_000605,12.2,12.2,1.0,4125.0,水务,9322.5
2009-12-01,SZE_000605,12.5,12.5,1.0,4125.0,水务,9322.5
2009-12-02,SZE_000605,12.6,12.6,1.0,4125.0,水务,9322.5
2009-12-03,SZE_000605,12.95,12.95,1.0,4125.0,水务,9322.5
2009-12-04,SZE_000605,12.69,12.69,1.0,4125.0,水务,9322.5
2009-12-07,SZE_000605,13.32,13.32,1.0,4125.0,水务,9322.5
2009-12-09,SZE_000605,12.7,12.7,1.0,4125.0,水务,9322.5
2009-12-10,SZE_000605,13.0,13.0,1.0,4125.0,水务,9322.5
2009-12-11,SZE_000605,13.35,13.35,1.0,4125.0,水务,9322.5
2009-12-14,SZE_000605,12.97,12.97,1.0,4125.0,水务,9322.5
2009-12-15,SZE_000605,13.11,13.11,1.0,4125.0,水务,9322.5
2009-12-16,SZE_000605,13.0,13.0,1.0,4125.0,水务,9322.5
2009-12-17,SZE_000605,12.47,12.47,1.0,4125.0,水务,9322.5
2009-12-18,SZE_000605,11.89,11.89,1.0,4125.0,水务,9322.5
2009-12-21,SZE_000605,12.05,12.05,1.0,4125.0,水务,9322.5
2009-12-22,SZE_000605,12.16,12.16,1.0,4125.0,水务,9322.5
2009-12-23,SZE_000605,12.77,12.77,1.0,4125.0,水务,9322.5
2009-12-24,SZE_000605,12.91,12.91,1.0,4125.0,水务,9322.5
2009-12-25,SZE_000605,12.99,12.99,1.0,4125.0,水务,9322.5
2009-12-28,SZE_000605,13.06,13.06,1.0,4125.0,水务,9322.5
2009-12-29,SZE_000605,13.15,13.15,1.0,4125.0,水务,9322.5
2009-12-30,SZE_000605,12.89,12.89,1.0,4125.0,水务,9322.5
2009-12-31,SZE_000605,13.09,13.09,1.0,4125.0,水务,9322.5
2010-01-04,SZE_000605,12.89,12.89,1.0,4125.0,水务,9322.5
2010-01-05,SZE_000605,12.99,12.99,1.0,4125.0,水务,9322.5
2010-01-06,SZE_000605,13.31,13.31,1.0,4125.0,水务,9322.5
2010-01-07,SZE_000605,13.04,13.04,1.0,4125.0,水务,9322.5
2010-01-08,SZE_000605,13.25,13.25,1.0,4125.0,水务,9322.5
2010-01-11,SZE_000605,13.35,13.35,1.0,4125.0,水务,9322.5
2010-01-12,SZE_000605,13.67,13.67,1.0,4125.0,水务,9322.5
2010-01-13,SZE_000605,13.25,13.25,1.0,4125.0,水务,9322.5
2010-01-14,SZE_000605,13.42,13.42,1.0,4125.0,水务,9322.5
2010-01-15,SZE_000605,13.86,13.86,1.0,4125.0,水务,9322.5
2010-01-18,SZE_000605,13.97,13.97,1.0,4125.0,水务,9322.5
2010-01-20,SZE_000605,13.27,13.27,1.0,4125.0,水务,9322.5
2010-01-21,SZE_000605,13.32,13.32,1.0,4125.0,水务,9322.5
2010-01-22,SZE_000605,12.99,12.99,1.0,4125.0,水务,9322.5
2010-01-25,SZE_000605,12.47,12.47,1.0,4125.0,水务,9322.5
2010-01-26,SZE_000605,12.34,12.34,1.0,4125.0,水务,9322.5
2010-01-27,SZE_000605,12.4,12.4,1.0,4125.0,水务,9322.5
2010-01-28,SZE_000605,12.49,12.49,1.0,4125.0,水务,9322.5
2010-01-29,SZE_000605,12.5,12.5,1.0,4125.0,水务,9322.5
2010-02-01,SZE_000605,12.48,12.48,1.0,4125.0,水务,9322.5
2010-02-02,SZE_000605,12.33,12.33,1.0,4125.0,水务,9322.5
2010-02-03,SZE_000605,12.46,12.46,1.0,4125.0,水务,9322.5
2010-02-04,SZE_000605,12.47,12.47,1.0,4125.0,水务,9322.5
2010-02-05,SZE_000605,12.54,12.54,1.0,4125.0,水务,9322.5
2010-02-08,SZE_000605,12.58,12.58,1.0,4125.0,水务,9322.5
2010-02-09,SZE_000605,12.45,12.45,1.0,4125.0,水务,9322.5
2010-02-10,SZE_000605,12.58,12.58,1.0,4125.0,水务,9322.5
2010-02-11,SZE_000605,12.61,12.61,1.0,4125.0,水务,9322.5
2010-02-12,SZE_000605,12.68,12.68,1.0,4125.0,水务,9322.5
2010-02-22,SZE_000605,12.75,12.75,1.0,4125.0,水务,9322.5
2010-02-23,SZE_000605,12.83,12.83,1.0,4125.0,水务,9322.5
2010-02-24,SZE_000605,13.07,13.07,1.0,4125.0,水务,9322.5
2010-02-25,SZE_000605,13.26,13.26,1.0,4125.0,水务,9322.5
2010-02-26,SZE_000605,13.23,13.23,1.0,4125.0,水务,9322.5
2010-03-01,SZE_000605,13.35,13.35,1.0,4125.0,水务,9322.5
2010-03-02,SZE_000605,13.15,13.15,1.0,4125.0,水务,9322.5
2010-03-03,SZE_000605,13.22,13.22,1.0,4125.0,水务,9322.5
2010-03-04,SZE_000605,12.83,12.83,1.0,4125.0,水务,9322.5
2010-03-05,SZE_000605,12.88,12.88,1.0,4125.0,水务,9322.5
2010-03-08,SZE_000605,12.98,12.98,1.0,4125.0,水务,9322.5
2010-03-09,SZE_000605,12.99,12.99,1.0,4125.0,水务,9322.5
2010-03-10,SZE_000605,12.86,12.86,1.0,4125.0,水务,9322.5
2010-03-11,SZE_000605,13.06,13.06,1.0,4125.0,水务,9322.5
2010-03-12,SZE_000605,12.83,12.83,1.0,4125.0,水务,9322.5
2010-03-15,SZE_000605,12.64,12.64,1.0,4125.0,水务,9322.5
2010-03-16,SZE_000605,12.89,12.89,1.0,4125.0,水务,9322.5
2010-03-17,SZE_000605,13.09,13.09,1.0,4125.0,水务,9322.5
2010-03-18,SZE_000605,13.14,13.14,1.0,4125.0,水务,9322.5
2010-03-19,SZE_000605,13.26,13.26,1.0,4125.0,水务,9322.5
2010-03-22,SZE_000605,13.92,13.92,1.0,4125.0,水务,9322.5
2010-03-23,SZE_000605,13.88,13.88,1.0,4125.0,水务,9322.5
2010-03-24,SZE_000605,13.63,13.63,1.0,4125.0,水务,9322.5
2010-03-25,SZE_000605,13.55,13.55,1.0,4125.0,水务,9322.5
2010-03-26,SZE_000605,13.59,13.59,1.0,4125.0,水务,9322.5
2010-03-29,SZE_000605,13.55,13.55,1.0,4125.0,水务,9322.5
2010-03-30,SZE_000605,13.61,13.61,1.0,4125.0,水务,9322.5
2010-03-31,SZE_000605,13.46,13.46,1.0,4125.0,水务,9322.5
2010-04-01,SZE_000605,13.68,13.68,1.0,4125.0,水务,9322.5
2010-04-02,SZE_000605,14.03,14.03,1.0,4125.0,水务,9322.5
2010-04-06,SZE_000605,14.01,14.01,1.0,4125.0,水务,9322.5
2010-04-07,SZE_000605,14.02,14.02,1.0,4125.0,水务,9322.5
2010-04-08,SZE_000605,13.71,13.71,1.0,4125.0,水务,9322.5
2010-04-09,SZE_000605,14.4,14.4,1.0,4125.0,水务,9322.5
2010-04-12,SZE_000605,14.49,14.49,1.0,4125.0,水务,9322.5
2010-04-13,SZE_000605,13.97,13.97,1.0,4125.0,水务,9322.5
2010-04-14,SZE_000605,14.2,14.2,1.0,4125.0,水务,9322.5
2010-04-15,SZE_000605,14.91,14.91,1.0,4125.0,水务,9322.5
2010-04-16,SZE_000605,14.64,14.64,1.0,4125.0,水务,9322.5
2010-04-19,SZE_000605,14.38,14.38,1.0,4125.0,水务,9322.5
2010-04-20,SZE_000605,14.74,14.74,1.0,4125.0,水务,9322.5
2010-04-21,SZE_000605,14.78,14.78,1.0,4125.0,水务,9322.5
2010-04-22,SZE_000605,14.78,14.78,1.0,4125.0,水务,9322.5
2010-04-23,SZE_000605,14.34,14.34,1.0,4125.0,水务,9322.5
2010-04-26,SZE_000605,13.88,13.88,1.0,4125.0,水务,9322.5
2010-04-27,SZE_000605,13.23,13.23,1.0,4125.0,水务,9322.5
2010-04-29,SZE_000605,12.89,12.89,1.0,4125.0,水务,9322.5
2010-04-30,SZE_000605,12.25,12.25,1.0,4125.0,水务,9322.5
2010-05-04,SZE_000605,12.23,12.23,1.0,4125.0,水务,9322.5
2010-05-05,SZE_000605,12.49,12.49,1.0,4125.0,水务,9322.5
2010-05-06,SZE_000605,11.93,11.93,1.0,4125.0,水务,9322.5
2010-05-07,SZE_000605,11.33,11.33,1.0,4125.0,水务,9322.5
2010-05-10,SZE_000605,11.18,11.18,1.0,4125.0,水务,9322.5
2010-05-11,SZE_000605,10.91,10.91,1.0,4125.0,水务,9322.5
2010-05-12,SZE_000605,10.97,10.97,1.0,4125.0,水务,9322.5
2010-05-13,SZE_000605,11.18,11.18,1.0,4125.0,水务,9322.5
2010-05-14,SZE_000605,11.18,11.18,1.0,4125.0,水务,9322.5
2010-05-17,SZE_000605,10.62,10.62,1.0,4125.0,水务,9322.5
2010-05-18,SZE_000605,10.48,10.48,1.0,4125.0,水务,9322.5
2010-05-19,SZE_000605,10.38,10.38,1.0,4125.0,水务,9322.5
2010-05-20,SZE_000605,10.24,10.24,1.0,4125.0,水务,9322.5
2010-05-21,SZE_000605,10.64,10.64,1.0,4125.0,水务,9322.5
2010-05-24,SZE_000605,11.15,11.15,1.0,4125.0,水务,9322.5
2010-05-25,SZE_000605,11.32,11.32,1.0,4125.0,水务,9322.5
2010-05-26,SZE_000605,11.0,11.0,1.0,4125.0,水务,9322.5
2010-05-27,SZE_000605,11.39,11.39,1.0,4125.0,水务,9322.5
2010-05-28,SZE_000605,11.39,11.39,1.0,4125.0,水务,9322.5
2010-05-31,SZE_000605,11.28,11.28,1.0,4125.0,水务,9322.5
2010-06-01,SZE_000605,11.09,11.09,1.0,4125.0,水务,9322.5
2010-06-02,SZE_000605,11.42,11.42,1.0,4125.0,水务,9322.5
2010-06-03,SZE_000605,11.42,11.42,1.0,4125.0,水务,9322.5
2010-06-04,SZE_000605,11.58,11.58,1.0,4125.0,水务,9322.5
2010-06-07,SZE_000605,11.35,11.35,1.0,4125.0,水务,9322.5
2010-06-08,SZE_000605,11.28,11.28,1.0,4125.0,水务,9322.5
2010-06-09,SZE_000605,11.6,11.6,1.0,4125.0,水务,9322.5
2010-06-10,SZE_000605,11.8,11.8,1.0,4125.0,水务,9322.5
2010-06-11,SZE_000605,11.62,11.62,1.0,4125.0,水务,9322.5
2010-06-17,SZE_000605,11.75,11.75,1.0,4125.0,水务,9322.5
2010-06-18,SZE_000605,11.28,11.28,1.0,4125.0,水务,9322.5
2010-06-21,SZE_000605,11.4,11.4,1.0,4125.0,水务,9322.5
2010-06-22,SZE_000605,11.36,11.36,1.0,4125.0,水务,9322.5
2010-06-23,SZE_000605,11.33,11.33,1.0,4125.0,水务,9322.5
2010-06-24,SZE_000605,11.42,11.42,1.0,4125.0,水务,9322.5
2010-06-25,SZE_000605,11.25,11.25,1.0,4125.0,水务,9322.5
2010-06-28,SZE_000605,10.69,10.69,1.0,4125.0,水务,9322.5
2010-06-29,SZE_000605,10.16,10.16,1.0,4125.0,水务,9322.5
2010-06-30,SZE_000605,9.84,9.84,1.0,4125.0,水务,9322.5
2010-07-01,SZE_000605,9.56,9.56,1.0,4125.0,水务,9322.5
2010-07-02,SZE_000605,9.5,9.5,1.0,4125.0,水务,9322.5
2010-07-05,SZE_000605,9.48,9.48,1.0,4125.0,水务,9322.5
2010-07-06,SZE_000605,9.95,9.95,1.0,4125.0,水务,9322.5
2010-07-07,SZE_000605,9.89,9.89,1.0,4125.0,水务,9322.5
2010-07-08,SZE_000605,9.96,9.96,1.0,4125.0,水务,9322.5
2010-07-09,SZE_000605,10.16,10.16,1.0,4125.0,水务,9322.5
2010-07-12,SZE_000605,10.22,10.22,1.0,4125.0,水务,9322.5
2010-07-13,SZE_000605,9.91,9.91,1.0,4125.0,水务,9322.5
2010-07-14,SZE_000605,10.04,10.04,1.0,4125.0,水务,9322.5
2010-07-15,SZE_000605,9.91,9.91,1.0,4125.0,水务,9322.5
2010-07-16,SZE_000605,9.9,9.9,1.0,4125.0,水务,9322.5
2010-07-19,SZE_000605,10.16,10.16,1.0,4125.0,水务,9322.5
2010-07-20,SZE_000605,10.35,10.35,1.0,4125.0,水务,9322.5
2010-07-21,SZE_000605,10.31,10.31,1.0,4125.0,水务,9322.5
2010-07-22,SZE_000605,10.49,10.49,1.0,4125.0,水务,9322.5
2010-07-23,SZE_000605,10.48,10.48,1.0,4125.0,水务,9322.5
2010-07-26,SZE_000605,10.63,10.63,1.0,4125.0,水务,9322.5
2010-07-27,SZE_000605,10.56,10.56,1.0,4125.0,水务,9322.5
2010-07-28,SZE_000605,10.8,10.8,1.0,4125.0,水务,9322.5
2010-07-29,SZE_000605,10.84,10.84,1.0,4125.0,水务,9322.5
2010-07-30,SZE_000605,10.88,10.88,1.0,4125.0,水务,9322.5
2010-08-02,SZE_000605,11.15,11.15,1.0,4125.0,水务,9322.5
2010-08-03,SZE_000605,10.8,10.8,1.0,4125.0,水务,9322.5
2010-08-04,SZE_000605,11.0,11.0,1.0,4125.0,水务,9322.5
2010-08-05,SZE_000605,10.97,10.97,1.0,4125.0,水务,9322.5
2010-08-06,SZE_000605,11.28,11.28,1.0,4125.0,水务,9322.5
2010-08-09,SZE_000605,11.35,11.35,1.0,4125.0,水务,9322.5
2010-08-10,SZE_000605,10.9,10.9,1.0,4125.0,水务,9322.5
2010-08-11,SZE_000605,10.93,10.93,1.0,4125.0,水务,9322.5
2010-08-12,SZE_000605,10.73,10.73,1.0,4125.0,水务,9322.5
2010-08-13,SZE_000605,10.93,10.93,1.0,4125.0,水务,9322.5
2010-08-16,SZE_000605,11.26,11.26,1.0,4125.0,水务,9322.5
2010-08-17,SZE_000605,11.27,11.27,1.0,4125.0,水务,9322.5
2010-08-18,SZE_000605,11.23,11.23,1.0,4125.0,水务,9322.5
2010-08-19,SZE_000605,11.79,11.79,1.0,4125.0,水务,9322.5
2010-08-20,SZE_000605,11.38,11.38,1.0,4125.0,水务,9322.5
2010-08-23,SZE_000605,11.95,11.95,1.0,4125.0,水务,9322.5
2010-08-24,SZE_000605,11.93,11.93,1.0,4125.0,水务,9322.5
2010-08-25,SZE_000605,11.99,11.99,1.0,4125.0,水务,9322.5
2010-08-26,SZE_000605,11.84,11.84,1.0,4125.0,水务,9322.5
2010-08-27,SZE_000605,11.81,11.81,1.0,4125.0,水务,9322.5
2010-08-30,SZE_000605,11.99,11.99,1.0,4125.0,水务,9322.5
2010-08-31,SZE_000605,11.9,11.9,1.0,4125.0,水务,9322.5
2010-09-01,SZE_000605,11.46,11.46,1.0,4125.0,水务,9322.5
2010-09-02,SZE_000605,11.61,11.61,1.0,4125.0,水务,9322.5
2010-09-03,SZE_000605,11.62,11.62,1.0,4125.0,水务,9322.5
2010-09-06,SZE_000605,11.8,11.8,1.0,4125.0,水务,9322.5
2010-09-07,SZE_000605,11.98,11.98,1.0,4125.0,水务,9322.5
2010-09-08,SZE_000605,11.94,11.94,1.0,4125.0,水务,9322.5
2010-09-09,SZE_000605,11.7,11.7,1.0,4125.0,水务,9322.5
2010-09-10,SZE_000605,12.16,12.16,1.0,4125.0,水务,9322.5
2010-09-13,SZE_000605,12.49,12.49,1.0,4125.0,水务,9322.5
2010-09-14,SZE_000605,12.46,12.46,1.0,4125.0,水务,9322.5
2010-09-15,SZE_000605,12.64,12.64,1.0,4125.0,水务,9322.5
2010-09-16,SZE_000605,12.33,12.33,1.0,4125.0,水务,9322.5
2010-09-17,SZE_000605,12.14,12.14,1.0,4125.0,水务,9322.5
2010-09-20,SZE_000605,11.66,11.66,1.0,4125.0,水务,9322.5
2010-09-21,SZE_000605,11.7,11.7,1.0,4125.0,水务,9322.5
2010-09-27,SZE_000605,11.95,11.95,1.0,4125.0,水务,9322.5
2010-09-28,SZE_000605,12.18,12.18,1.0,4125.0,水务,9322.5
2010-09-29,SZE_000605,12.14,12.14,1.0,4125.0,水务,9322.5
2010-09-30,SZE_000605,12.3,12.3,1.0,4125.0,水务,9322.5
2010-10-08,SZE_000605,12.49,12.49,1.0,4125.0,水务,9322.5
2010-10-11,SZE_000605,12.42,12.42,1.0,4125.0,水务,9322.5
2010-10-12,SZE_000605,12.71,12.71,1.0,4125.0,水务,9322.5
2010-10-13,SZE_000605,12.77,12.77,1.0,4125.0,水务,9322.5
2010-10-14,SZE_000605,12.23,12.23,1.0,4125.0,水务,9322.5
2010-10-15,SZE_000605,12.08,12.08,1.0,4125.0,水务,9322.5
2010-10-18,SZE_000605,11.95,11.95,1.0,4125.0,水务,9322.5
2010-10-19,SZE_000605,12.39,12.39,1.0,4125.0,水务,9322.5
2010-10-20,SZE_000605,12.7,12.7,1.0,4125.0,水务,9322.5
2010-10-21,SZE_000605,12.58,12.58,1.0,4125.0,水务,9322.5
2010-10-22,SZE_000605,12.96,12.96,1.0,4125.0,水务,9322.5
2010-10-25,SZE_000605,13.61,13.61,1.0,4125.0,水务,9322.5
2010-10-26,SZE_000605,13.95,13.95,1.0,4125.0,水务,9322.5
2010-10-27,SZE_000605,14.0,14.0,1.0,4125.0,水务,9322.5
2010-10-28,SZE_000605,14.04,14.04,1.0,4125.0,水务,9322.5
2010-10-29,SZE_000605,13.57,13.57,1.0,4125.0,水务,9322.5
2010-11-01,SZE_000605,13.55,13.55,1.0,4125.0,水务,9322.5
2010-11-02,SZE_000605,13.38,13.38,1.0,4125.0,水务,9322.5
2010-11-03,SZE_000605,13.5,13.5,1.0,4125.0,水务,9322.5
2010-11-04,SZE_000605,13.58,13.58,1.0,4125.0,水务,9322.5
2010-11-05,SZE_000605,13.64,13.64,1.0,4125.0,水务,9322.5
2010-11-08,SZE_000605,13.97,13.97,1.0,4125.0,水务,9322.5
2010-11-09,SZE_000605,14.05,14.05,1.0,4125.0,水务,9322.5
2010-11-10,SZE_000605,13.93,13.93,1.0,4125.0,水务,9322.5
2010-11-11,SZE_000605,13.7,13.7,1.0,4125.0,水务,9322.5
2010-11-12,SZE_000605,13.02,13.02,1.0,4125.0,水务,9322.5
2010-11-15,SZE_000605,13.09,13.09,1.0,4125.0,水务,9322.5
2010-11-16,SZE_000605,12.72,12.72,1.0,4125.0,水务,9322.5
2010-11-17,SZE_000605,12.51,12.51,1.0,4125.0,水务,9322.5
2010-11-18,SZE_000605,12.8,12.8,1.0,4125.0,水务,9322.5
2010-11-19,SZE_000605,13.44,13.44,1.0,4125.0,水务,9322.5
2011-07-11,SZE_000605,12.77,12.77,1.0,4125.0,水务,9322.5
2011-07-12,SZE_000605,12.13,12.13,1.0,4125.0,水务,9322.5
2011-07-13,SZE_000605,12.0,12.0,1.0,4125.0,水务,9322.5
2011-07-14,SZE_000605,11.81,11.81,1.0,4125.0,水务,9322.5
2011-07-15,SZE_000605,12.15,12.15,1.0,4125.0,水务,9322.5
2011-07-18,SZE_000605,12.76,12.76,1.0,4125.0,水务,9322.5
2011-07-19,SZE_000605,12.47,12.47,1.0,4125.0,水务,9322.5
2011-07-20,SZE_000605,12.68,12.68,1.0,4125.0,水务,9322.5
2011-07-21,SZE_000605,12.7,12.7,1.0,4125.0,水务,9322.5
2011-07-22,SZE_000605,12.49,12.49,1.0,4125.0,水务,9322.5
2011-07-25,SZE_000605,11.87,11.87,1.0,4125.0,水务,9322.5
2011-07-26,SZE_000605,11.87,11.87,1.0,4125.0,水务,9322.5
2011-07-27,SZE_000605,11.98,11.98,1.0,4125.0,水务,9322.5
2011-07-28,SZE_000605,11.94,11.94,1.0,4125.0,水务,9322.5
2011-07-29,SZE_000605,11.93,11.93,1.0,4125.0,水务,9322.5
2011-08-01,SZE_000605,11.75,11.75,1.0,4125.0,水务,9322.5
2011-08-02,SZE_000605,11.39,11.39,1.0,4125.0,水务,9322.5
2011-08-03,SZE_000605,11.35,11.35,1.0,4125.0,水务,9322.5
2011-08-04,SZE_000605,11.4,11.4,1.0,4125.0,水务,9322.5
2011-08-05,SZE_000605,11.17,11.17,1.0,4125.0,水务,9322.5
2011-08-08,SZE_000605,10.61,10.61,1.0,4125.0,水务,9322.5
2011-08-09,SZE_000605,10.47,10.47,1.0,4125.0,水务,9322.5
2011-08-10,SZE_000605,10.5,10.5,1.0,4125.0,水务,9322.5
2011-08-11,SZE_000605,10.76,10.76,1.0,4125.0,水务,9322.5
2011-08-12,SZE_000605,10.92,10.92,1.0,4125.0,水务,9322.5
2011-08-15,SZE_000605,11.16,11.16,1.0,4125.0,水务,9322.5
2011-08-16,SZE_000605,11.07,11.07,1.0,4125.0,水务,9322.5
2011-08-17,SZE_000605,11.17,11.17,1.0,4125.0,水务,9322.5
2011-08-18,SZE_000605,10.8,10.8,1.0,4125.0,水务,9322.5
2011-08-19,SZE_000605,10.94,10.94,1.0,4125.0,水务,9322.5
2011-08-22,SZE_000605,10.88,10.88,1.0,4125.0,水务,9322.5
2011-08-23,SZE_000605,11.23,11.23,1.0,4125.0,水务,9322.5
2011-08-24,SZE_000605,11.15,11.15,1.0,4125.0,水务,9322.5
2011-08-25,SZE_000605,11.36,11.36,1.0,4125.0,水务,9322.5
2011-08-26,SZE_000605,11.77,11.77,1.0,4125.0,水务,9322.5
2011-08-29,SZE_000605,11.71,11.71,1.0,4125.0,水务,9322.5
2011-08-30,SZE_000605,11.48,11.48,1.0,4125.0,水务,9322.5
2011-08-31,SZE_000605,11.41,11.41,1.0,4125.0,水务,9322.5
2011-09-01,SZE_000605,11.43,11.43,1.0,4125.0,水务,9322.5
2011-09-02,SZE_000605,11.48,11.48,1.0,4125.0,水务,9322.5
2011-09-05,SZE_000605,11.12,11.12,1.0,4125.0,水务,9322.5
2011-09-06,SZE_000605,11.02,11.02,1.0,4125.0,水务,9322.5
2011-09-07,SZE_000605,11.27,11.27,1.0,4125.0,水务,9322.5
2011-09-08,SZE_000605,11.29,11.29,1.0,4125.0,水务,9322.5
2011-09-09,SZE_000605,11.18,11.18,1.0,4125.0,水务,9322.5
2011-09-13,SZE_000605,11.74,11.74,1.0,4125.0,水务,9322.5
2011-09-14,SZE_000605,11.69,11.69,1.0,4125.0,水务,9322.5
2011-09-15,SZE_000605,11.79,11.79,1.0,4125.0,水务,9322.5
2011-09-16,SZE_000605,12.38,12.38,1.0,4125.0,水务,9322.5
2011-09-19,SZE_000605,12.38,12.38,1.0,4125.0,水务,9322.5
2011-09-20,SZE_000605,12.54,12.54,1.0,4125.0,水务,9322.5
2011-09-21,SZE_000605,12.67,12.67,1.0,4125.0,水务,9322.5
2011-09-22,SZE_000605,13.18,13.18,1.0,4125.0,水务,9322.5
2011-09-23,SZE_000605,12.69,12.69,1.0,4125.0,水务,9322.5
2011-09-26,SZE_000605,12.15,12.15,1.0,4125.0,水务,9322.5
2011-09-27,SZE_000605,12.25,12.25,1.0,4125.0,水务,9322.5
2011-09-28,SZE_000605,11.74,11.74,1.0,4125.0,水务,9322.5
2011-09-29,SZE_000605,11.53,11.53,1.0,4125.0,水务,9322.5
2011-09-30,SZE_000605,12.11,12.11,1.0,4125.0,水务,9322.5
2011-10-10,SZE_000605,12.38,12.38,1.0,4125.0,水务,9322.5
2011-10-12,SZE_000605,12.56,12.56,1.0,4125.0,水务,9322.5
2011-10-13,SZE_000605,12.7,12.7,1.0,4125.0,水务,9322.5
2011-10-14,SZE_000605,12.56,12.56,1.0,4125.0,水务,9322.5
2011-10-17,SZE_000605,12.34,12.34,1.0,4125.0,水务,9322.5
2011-10-18,SZE_000605,12.96,12.96,1.0,4125.0,水务,9322.5
2011-10-19,SZE_000605,12.48,12.48,1.0,4125.0,水务,9322.5
2011-10-20,SZE_000605,11.9,11.9,1.0,4125.0,水务,9322.5
2011-10-21,SZE_000605,11.31,11.31,1.0,4125.0,水务,9322.5
2011-10-24,SZE_000605,11.29,11.29,1.0,4125.0,水务,9322.5
2011-10-25,SZE_000605,11.85,11.85,1.0,4125.0,水务,9322.5
2011-10-26,SZE_000605,11.88,11.88,1.0,4125.0,水务,9322.5
2011-10-27,SZE_000605,11.29,11.29,1.0,4125.0,水务,9322.5
2011-10-28,SZE_000605,11.52,11.52,1.0,4125.0,水务,9322.5
2011-10-31,SZE_000605,11.5,11.5,1.0,4125.0,水务,9322.5
2011-11-01,SZE_000605,11.59,11.59,1.0,4125.0,水务,9322.5
2011-11-02,SZE_000605,11.82,11.82,1.0,4125.0,水务,9322.5
2011-11-03,SZE_000605,11.97,11.97,1.0,4125.0,水务,9322.5
2011-11-04,SZE_000605,12.47,12.47,1.0,4125.0,水务,9322.5
2011-11-07,SZE_000605,12.46,12.46,1.0,4125.0,水务,9322.5
2011-11-08,SZE_000605,12.26,12.26,1.0,4125.0,水务,9322.5
2011-11-09,SZE_000605,12.47,12.47,1.0,4125.0,水务,9322.5
2011-11-10,SZE_000605,12.48,12.48,1.0,4125.0,水务,9322.5
2011-11-11,SZE_000605,12.44,12.44,1.0,4125.0,水务,9322.5
2011-11-14,SZE_000605,12.6,12.6,1.0,4125.0,水务,9322.5
2011-11-15,SZE_000605,12.85,12.85,1.0,4125.0,水务,9322.5
2011-11-16,SZE_000605,12.41,12.41,1.0,4125.0,水务,9322.5
2011-11-17,SZE_000605,12.54,12.54,1.0,4125.0,水务,9322.5
2011-11-18,SZE_000605,12.7,12.7,1.0,4125.0,水务,9322.5
2011-11-21,SZE_000605,13.2,13.2,1.0,4125.0,水务,9322.5
2011-11-22,SZE_000605,12.7,12.7,1.0,4125.0,水务,9322.5
2011-11-23,SZE_000605,12.85,12.85,1.0,4125.0,水务,9322.5
2011-11-24,SZE_000605,12.41,12.41,1.0,4125.0,水务,9322.5
2011-11-25,SZE_000605,12.64,12.64,1.0,4125.0,水务,9322.5
2011-11-28,SZE_000605,12.9,12.9,1.0,4125.0,水务,9322.5
2011-11-29,SZE_000605,12.93,12.93,1.0,4125.0,水务,9322.5
2011-11-30,SZE_000605,12.28,12.28,1.0,4125.0,水务,9322.5
2011-12-01,SZE_000605,12.39,12.39,1.0,4125.0,水务,9322.5
2011-12-02,SZE_000605,11.77,11.77,1.0,4125.0,水务,9322.5
2011-12-05,SZE_000605,11.18,11.18,1.0,4125.0,水务,9322.5
2011-12-06,SZE_000605,11.1,11.1,1.0,4125.0,水务,9322.5
2011-12-07,SZE_000605,11.17,11.17,1.0,4125.0,水务,9322.5
2011-12-08,SZE_000605,10.61,10.61,1.0,4125.0,水务,9322.5
2011-12-09,SZE_000605,10.08,10.08,1.0,4125.0,水务,9322.5
2011-12-12,SZE_000605,10.06,10.06,1.0,4125.0,水务,9322.5
2011-12-13,SZE_000605,9.71,9.71,1.0,4125.0,水务,9322.5
2011-12-14,SZE_000605,9.38,9.38,1.0,4125.0,水务,9322.5
2011-12-15,SZE_000605,8.91,8.91,1.0,4125.0,水务,9322.5
2011-12-16,SZE_000605,8.9,8.9,1.0,4125.0,水务,9322.5
2011-12-19,SZE_000605,9.13,9.13,1.0,4125.0,水务,9322.5
2011-12-20,SZE_000605,9.12,9.12,1.0,4125.0,水务,9322.5
2011-12-21,SZE_000605,8.71,8.71,1.0,4125.0,水务,9322.5
2011-12-22,SZE_000605,8.4,8.4,1.0,4125.0,水务,9322.5
2011-12-23,SZE_000605,8.38,8.38,1.0,4125.0,水务,9322.5
2011-12-26,SZE_000605,8.32,8.32,1.0,4125.0,水务,9322.5
2011-12-27,SZE_000605,7.9,7.9,1.0,4125.0,水务,9322.5
2011-12-28,SZE_000605,7.7,7.7,1.0,4125.0,水务,9322.5
2011-12-29,SZE_000605,7.76,7.76,1.0,4125.0,水务,9322.5
2011-12-30,SZE_000605,7.97,7.97,1.0,4125.0,水务,9322.5
2012-01-04,SZE_000605,7.82,7.82,1.0,4125.0,水务,9322.5
2012-01-05,SZE_000605,7.48,7.48,1.0,4125.0,水务,9322.5
2012-01-06,SZE_000605,7.75,7.75,1.0,4125.0,水务,9322.5
2012-01-09,SZE_000605,8.1,8.1,1.0,4125.0,水务,9322.5
2012-01-10,SZE_000605,8.38,8.38,1.0,4125.0,水务,9322.5
2012-01-11,SZE_000605,8.28,8.28,1.0,4125.0,水务,9322.5
2012-01-12,SZE_000605,8.36,8.36,1.0,4125.0,水务,9322.5
2012-01-13,SZE_000605,8.38,8.38,1.0,4125.0,水务,9322.5
2012-01-16,SZE_000605,8.29,8.29,1.0,4125.0,水务,9322.5
2012-02-29,SZE_000605,8.7,8.7,1.0,4125.0,水务,9322.5
2012-03-01,SZE_000605,9.14,9.14,1.0,4125.0,水务,9322.5
2012-03-02,SZE_000605,9.6,9.6,1.0,4125.0,水务,9322.5
2012-03-05,SZE_000605,10.08,10.08,1.0,4125.0,水务,9322.5
2012-03-06,SZE_000605,10.58,10.58,1.0,4125.0,水务,9322.5
2012-03-07,SZE_000605,11.11,11.11,1.0,4125.0,水务,9322.5
2012-04-17,SZE_000605,10.55,10.55,1.0,4125.0,水务,9322.5
2012-04-18,SZE_000605,10.02,10.02,1.0,4125.0,水务,9322.5
2012-04-19,SZE_000605,10.16,10.16,1.0,4125.0,水务,9322.5
2012-04-20,SZE_000605,10.05,10.05,1.0,4125.0,水务,9322.5
2012-04-23,SZE_000605,10.25,10.25,1.0,4125.0,水务,9322.5
2012-04-24,SZE_000605,9.8,9.8,1.0,4125.0,水务,9322.5
2012-04-25,SZE_000605,9.66,9.66,1.0,4125.0,水务,9322.5
2012-04-26,SZE_000605,9.75,9.75,1.0,4125.0,水务,9322.5
2012-04-27,SZE_000605,9.35,9.35,1.0,4125.0,水务,9322.5
2012-05-02,SZE_000605,9.16,9.16,1.0,4125.0,水务,9322.5
2012-05-03,SZE_000605,9.44,9.44,1.0,4125.0,水务,9322.5
2012-05-04,SZE_000605,9.82,9.82,1.0,4125.0,水务,9322.5
2012-05-07,SZE_000605,10.31,10.31,1.0,4125.0,水务,9322.5
2012-05-08,SZE_000605,10.28,10.28,1.0,4125.0,水务,9322.5
2012-05-09,SZE_000605,10.54,10.54,1.0,4125.0,水务,9322.5
2012-05-10,SZE_000605,10.5,10.5,1.0,4125.0,水务,9322.5
2012-05-11,SZE_000605,10.5,10.5,1.0,4125.0,水务,9322.5
2012-05-14,SZE_000605,10.2,10.2,1.0,4125.0,水务,9322.5
2012-05-15,SZE_000605,10.33,10.33,1.0,4125.0,水务,9322.5
2012-05-16,SZE_000605,10.75,10.75,1.0,4125.0,水务,9322.5
2012-05-17,SZE_000605,11.0,11.0,1.0,4125.0,水务,9322.5
2012-05-18,SZE_000605,10.76,10.76,1.0,4125.0,水务,9322.5
2012-05-21,SZE_000605,11.3,11.3,1.0,4125.0,水务,9322.5
2012-05-22,SZE_000605,11.55,11.55,1.0,4125.0,水务,9322.5
2012-05-23,SZE_000605,11.69,11.69,1.0,4125.0,水务,9322.5
2012-05-24,SZE_000605,12.27,12.27,1.0,4125.0,水务,9322.5
2012-05-25,SZE_000605,12.26,12.26,1.0,4125.0,水务,9322.5
2012-05-28,SZE_000605,11.82,11.82,1.0,4125.0,水务,9322.5
2012-05-29,SZE_000605,11.58,11.58,1.0,4125.0,水务,9322.5
2012-05-30,SZE_000605,12.0,12.0,1.0,4125.0,水务,9322.5
2012-05-31,SZE_000605,11.88,11.88,1.0,4125.0,水务,9322.5
2012-06-01,SZE_000605,11.68,11.68,1.0,4125.0,水务,9322.5
2012-06-04,SZE_000605,11.6,11.6,1.0,4125.0,水务,9322.5
2012-06-05,SZE_000605,11.68,11.68,1.0,4125.0,水务,9322.5
2012-06-06,SZE_000605,11.69,11.69,1.0,4125.0,水务,9322.5
2012-06-07,SZE_000605,11.54,11.54,1.0,4125.0,水务,9322.5
2012-06-08,SZE_000605,11.53,11.53,1.0,4125.0,水务,9322.5
2012-06-11,SZE_000605,11.87,11.87,1.0,4125.0,水务,9322.5
2012-06-13,SZE_000605,11.98,11.98,1.0,4125.0,水务,9322.5
2012-06-14,SZE_000605,11.75,11.75,1.0,4125.0,水务,9322.5
2012-06-15,SZE_000605,11.83,11.83,1.0,4125.0,水务,9322.5
2012-06-18,SZE_000605,12.33,12.33,1.0,4125.0,水务,9322.5
2012-06-19,SZE_000605,12.19,12.19,1.0,4125.0,水务,9322.5
2012-06-20,SZE_000605,12.8,12.8,1.0,4125.0,水务,9322.5
2012-06-21,SZE_000605,13.29,13.29,1.0,4125.0,水务,9322.5
2012-06-25,SZE_000605,12.65,12.65,1.0,4125.0,水务,9322.5
2012-06-26,SZE_000605,12.65,12.65,1.0,4125.0,水务,9322.5
2012-06-27,SZE_000605,13.02,13.02,1.0,4125.0,水务,9322.5
2012-06-28,SZE_000605,13.02,13.02,1.0,4125.0,水务,9322.5
2012-06-29,SZE_000605,13.01,13.01,1.0,4125.0,水务,9322.5
2012-07-02,SZE_000605,13.26,13.26,1.0,4125.0,水务,9322.5
2012-07-03,SZE_000605,13.11,13.11,1.0,4125.0,水务,9322.5
2012-07-04,SZE_000605,12.66,12.66,1.0,4125.0,水务,9322.5
2012-07-05,SZE_000605,12.7,12.7,1.0,4125.0,水务,9322.5
2012-07-06,SZE_000605,12.68,12.68,1.0,4125.0,水务,9322.5
2012-07-09,SZE_000605,12.69,12.69,1.0,4125.0,水务,9322.5
2012-07-10,SZE_000605,12.06,12.06,1.0,4125.0,水务,9322.5
2012-07-11,SZE_000605,12.2,12.2,1.0,4125.0,水务,9322.5
2012-07-12,SZE_000605,12.22,12.22,1.0,4125.0,水务,9322.5
2012-07-13,SZE_000605,12.46,12.46,1.0,4125.0,水务,9322.5
2012-07-16,SZE_000605,12.4,12.4,1.0,4125.0,水务,9322.5
2012-07-17,SZE_000605,12.48,12.48,1.0,4125.0,水务,9322.5
2012-07-18,SZE_000605,12.28,12.28,1.0,4125.0,水务,9322.5
2012-07-19,SZE_000605,12.1,12.1,1.0,4125.0,水务,9322.5
2012-07-20,SZE_000605,12.04,12.04,1.0,4125.0,水务,9322.5
2012-07-23,SZE_000605,11.52,11.52,1.0,4125.0,水务,9322.5
2012-07-24,SZE_000605,11.51,11.51,1.0,4125.0,水务,9322.5
2012-07-25,SZE_000605,11.17,11.17,1.0,4125.0,水务,9322.5
2012-07-26,SZE_000605,11.14,11.14,1.0,4125.0,水务,9322.5
2012-07-27,SZE_000605,11.7,11.7,1.0,4125.0,水务,9322.5
2012-07-30,SZE_000605,11.12,11.12,1.0,4125.0,水务,9322.5
2012-07-31,SZE_000605,10.56,10.56,1.0,4125.0,水务,9322.5
2012-08-01,SZE_000605,10.03,10.03,1.0,4125.0,水务,9322.5
2012-08-02,SZE_000605,10.17,10.17,1.0,4125.0,水务,9322.5
2012-08-03,SZE_000605,10.35,10.35,1.0,4125.0,水务,9322.5
2012-08-06,SZE_000605,10.5,10.5,1.0,4125.0,水务,9322.5
2012-08-07,SZE_000605,10.83,10.83,1.0,4125.0,水务,9322.5
2012-08-08,SZE_000605,11.2,11.2,1.0,4125.0,水务,9322.5
2012-08-09,SZE_000605,11.2,11.2,1.0,4125.0,水务,9322.5
2012-08-10,SZE_000605,11.11,11.11,1.0,4125.0,水务,9322.5
2012-08-13,SZE_000605,11.05,11.05,1.0,4125.0,水务,9322.5
2012-08-14,SZE_000605,11.06,11.06,1.0,4125.0,水务,9322.5
2012-08-15,SZE_000605,10.8,10.8,1.0,4125.0,水务,9322.5
2012-08-16,SZE_000605,10.3,10.3,1.0,4125.0,水务,9322.5
2012-08-17,SZE_000605,10.39,10.39,1.0,4125.0,水务,9322.5
2012-08-20,SZE_000605,10.64,10.64,1.0,4125.0,水务,9322.5
2012-08-21,SZE_000605,10.92,10.92,1.0,4125.0,水务,9322.5
2012-08-22,SZE_000605,11.05,11.05,1.0,4125.0,水务,9322.5
2012-08-23,SZE_000605,11.21,11.21,1.0,4125.0,水务,9322.5
2012-08-24,SZE_000605,11.1,11.1,1.0,4125.0,水务,9322.5
2012-08-27,SZE_000605,11.0,11.0,1.0,4125.0,水务,9322.5
2012-08-28,SZE_000605,11.55,11.55,1.0,4125.0,水务,9322.5
2012-08-29,SZE_000605,11.4,11.4,1.0,4125.0,水务,9322.5
2012-08-30,SZE_000605,11.16,11.16,1.0,4125.0,水务,9322.5
2012-08-31,SZE_000605,11.69,11.69,1.0,4125.0,水务,9322.5
2012-09-03,SZE_000605,11.56,11.56,1.0,4125.0,水务,9322.5
2012-09-04,SZE_000605,11.6,11.6,1.0,4125.0,水务,9322.5
2012-09-05,SZE_000605,11.53,11.53,1.0,4125.0,水务,9322.5
2012-09-06,SZE_000605,11.33,11.33,1.0,4125.0,水务,9322.5
2012-09-07,SZE_000605,11.64,11.64,1.0,4125.0,水务,9322.5
2012-09-10,SZE_000605,11.57,11.57,1.0,4125.0,水务,9322.5
2012-09-11,SZE_000605,11.61,11.61,1.0,4125.0,水务,9322.5
2012-09-12,SZE_000605,11.56,11.56,1.0,4125.0,水务,9322.5
2012-09-13,SZE_000605,11.44,11.44,1.0,4125.0,水务,9322.5
2012-09-14,SZE_000605,11.33,11.33,1.0,4125.0,水务,9322.5
2012-09-17,SZE_000605,11.05,11.05,1.0,4125.0,水务,9322.5
2012-09-18,SZE_000605,10.7,10.7,1.0,4125.0,水务,9322.5
2012-09-19,SZE_000605,10.89,10.89,1.0,4125.0,水务,9322.5
2012-09-20,SZE_000605,10.81,10.81,1.0,4125.0,水务,9322.5
2012-09-21,SZE_000605,10.85,10.85,1.0,9322.5,水务,9322.5
2012-09-24,SZE_000605,10.73,10.73,1.0,9322.5,水务,9322.5
2012-09-25,SZE_000605,10.85,10.85,1.0,9322.5,水务,9322.5
2012-09-26,SZE_000605,10.98,10.98,1.0,9322.5,水务,9322.5
2012-12-26,SZE_000605,11.53,11.53,1.0,9322.5,水务,9322.5
2012-12-27,SZE_000605,12.11,12.11,1.0,9322.5,水务,9322.5
2012-12-28,SZE_000605,12.72,12.72,1.0,9322.5,水务,9322.5
2012-12-31,SZE_000605,12.3,12.3,1.0,9322.5,水务,9322.5
2013-01-04,SZE_000605,12.06,12.06,1.0,9322.5,水务,9322.5
2013-01-07,SZE_000605,12.66,12.66,1.0,9322.5,水务,9322.5
2013-01-08,SZE_000605,13.15,13.15,1.0,9322.5,水务,9322.5
2013-01-09,SZE_000605,12.6,12.6,1.0,9322.5,水务,9322.5
2013-01-10,SZE_000605,12.65,12.65,1.0,9322.5,水务,9322.5
2013-01-11,SZE_000605,12.61,12.61,1.0,9322.5,水务,9322.5
2013-01-14,SZE_000605,12.73,12.73,1.0,9322.5,水务,9322.5
2013-01-15,SZE_000605,12.7,12.7,1.0,9322.5,水务,9322.5
2013-01-16,SZE_000605,13.05,13.05,1.0,9322.5,水务,9322.5
2013-01-17,SZE_000605,12.93,12.93,1.0,9322.5,水务,9322.5
2013-01-18,SZE_000605,13.58,13.58,1.0,9322.5,水务,9322.5
2013-01-21,SZE_000605,14.26,14.26,1.0,9322.5,水务,9322.5
2013-01-22,SZE_000605,14.38,14.38,1.0,9322.5,水务,9322.5
2013-01-23,SZE_000605,14.16,14.16,1.0,9322.5,水务,9322.5
2013-01-24,SZE_000605,14.87,14.87,1.0,9322.5,水务,9322.5
2013-01-25,SZE_000605,15.61,15.61,1.0,9322.5,水务,9322.5
2013-01-28,SZE_000605,16.39,16.39,1.0,9322.5,水务,9322.5
2013-01-29,SZE_000605,15.7,15.7,1.0,9322.5,水务,9322.5
2013-01-30,SZE_000605,15.4,15.4,1.0,9322.5,水务,9322.5
2013-01-31,SZE_000605,15.77,15.77,1.0,9322.5,水务,9322.5
2013-02-01,SZE_000605,15.8,15.8,1.0,9322.5,水务,9322.5
2013-02-04,SZE_000605,15.13,15.13,1.0,9322.5,水务,9322.5
2013-02-05,SZE_000605,15.2,15.2,1.0,9322.5,水务,9322.5
2013-02-06,SZE_000605,14.97,14.97,1.0,9322.5,水务,9322.5
2013-02-07,SZE_000605,15.08,15.08,1.0,9322.5,水务,9322.5
2013-02-08,SZE_000605,15.0,15.0,1.0,9322.5,水务,9322.5
2013-02-18,SZE_000605,15.6,15.6,1.0,9322.5,水务,9322.5
2013-02-19,SZE_000605,15.18,15.18,1.0,9322.5,水务,9322.5
2013-02-20,SZE_000605,15.35,15.35,1.0,9322.5,水务,9322.5
2013-02-21,SZE_000605,14.79,14.79,1.0,9322.5,水务,9322.5
2013-02-22,SZE_000605,14.79,14.79,1.0,9322.5,水务,9322.5
2013-02-25,SZE_000605,15.12,15.12,1.0,9322.5,水务,9322.5
2013-02-26,SZE_000605,14.89,14.89,1.0,9322.5,水务,9322.5
2013-02-27,SZE_000605,14.75,14.75,1.0,9322.5,水务,9322.5
2013-02-28,SZE_000605,14.85,14.85,1.0,9322.5,水务,9322.5
2013-03-01,SZE_000605,15.59,15.59,1.0,9322.5,水务,9322.5
2013-03-04,SZE_000605,15.18,15.18,1.0,9322.5,水务,9322.5
2013-03-05,SZE_000605,15.32,15.32,1.0,9322.5,水务,9322.5
2013-03-06,SZE_000605,15.79,15.79,1.0,9322.5,水务,9322.5
2013-03-07,SZE_000605,15.32,15.32,1.0,9322.5,水务,9322.5
2013-03-08,SZE_000605,15.38,15.38,1.0,9322.5,水务,9322.5
2013-03-11,SZE_000605,15.02,15.02,1.0,9322.5,水务,9322.5
2013-03-12,SZE_000605,14.27,14.27,1.0,9322.5,水务,9322.5
2013-03-13,SZE_000605,13.93,13.93,1.0,9322.5,水务,9322.5
2013-03-14,SZE_000605,14.63,14.63,1.0,9322.5,水务,9322.5
2013-03-15,SZE_000605,14.73,14.73,1.0,9322.5,水务,9322.5
2013-03-18,SZE_000605,14.51,14.51,1.0,9322.5,水务,9322.5
2013-03-19,SZE_000605,15.24,15.24,1.0,9322.5,水务,9322.5
2013-03-20,SZE_000605,15.72,15.72,1.0,9322.5,水务,9322.5
2013-03-22,SZE_000605,16.6,16.6,0.0,9322.5,水务,9322.5
2013-03-25,SZE_000605,16.22,16.22,0.0,9322.5,水务,9322.5
2013-03-26,SZE_000605,15.65,15.65,0.0,9322.5,水务,9322.5
2013-03-27,SZE_000605,17.22,17.22,0.0,9322.5,水务,9322.5
2013-03-28,SZE_000605,18.34,18.34,0.0,9322.5,水务,9322.5
2013-03-29,SZE_000605,18.28,18.28,0.0,9322.5,水务,9322.5
2013-04-01,SZE_000605,18.18,18.18,0.0,9322.5,水务,9322.5
2013-04-02,SZE_000605,17.07,17.07,0.0,9322.5,水务,9322.5
2013-04-03,SZE_000605,17.21,17.21,0.0,9322.5,水务,9322.5
2013-04-08,SZE_000605,16.69,16.69,0.0,9322.5,水务,9322.5
2013-04-09,SZE_000605,16.6,16.6,0.0,9322.5,水务,9322.5
2013-04-10,SZE_000605,16.48,16.48,0.0,9322.5,水务,9322.5
2013-04-11,SZE_000605,15.91,15.91,0.0,9322.5,水务,9322.5
2013-04-12,SZE_000605,15.38,15.38,0.0,9322.5,水务,9322.5
2013-04-15,SZE_000605,14.93,14.93,0.0,9322.5,水务,9322.5
2013-04-16,SZE_000605,15.18,15.18,0.0,9322.5,水务,9322.5
2013-04-17,SZE_000605,16.7,16.7,0.0,9322.5,水务,9322.5
2013-04-18,SZE_000605,17.62,17.62,0.0,9322.5,水务,9322.5
2013-04-19,SZE_000605,17.34,17.34,0.0,9322.5,水务,9322.5
2013-04-22,SZE_000605,17.44,17.44,0.0,9322.5,水务,9322.5
2013-04-23,SZE_000605,16.04,16.04,0.0,9322.5,水务,9322.5
2013-04-24,SZE_000605,16.04,16.04,0.0,9322.5,水务,9322.5
2013-04-25,SZE_000605,16.21,16.21,0.0,9322.5,水务,9322.5
2013-04-26,SZE_000605,15.58,15.58,0.0,9322.5,水务,9322.5
2013-05-02,SZE_000605,15.44,15.44,0.0,9322.5,水务,9322.5
2013-05-03,SZE_000605,15.68,15.68,0.0,9322.5,水务,9322.5
2013-05-06,SZE_000605,15.83,15.83,0.0,9322.5,水务,9322.5
2013-05-07,SZE_000605,15.43,15.43,0.0,9322.5,水务,9322.5
2013-05-08,SZE_000605,16.47,16.47,0.0,9322.5,水务,9322.5
2013-05-09,SZE_000605,16.26,16.26,0.0,9322.5,水务,9322.5
2013-05-10,SZE_000605,16.15,16.15,0.0,9322.5,水务,9322.5
2013-05-13,SZE_000605,16.19,16.19,0.0,9322.5,水务,9322.5
2013-05-14,SZE_000605,16.12,16.12,0.0,9322.5,水务,9322.5
2013-05-15,SZE_000605,15.87,15.87,0.0,9322.5,水务,9322.5
2013-05-16,SZE_000605,15.77,15.77,0.0,9322.5,水务,9322.5
2013-05-17,SZE_000605,15.93,15.93,0.0,9322.5,水务,9322.5
2013-05-20,SZE_000605,15.99,15.99,0.0,9322.5,水务,9322.5
2013-05-21,SZE_000605,16.33,16.33,0.0,9322.5,水务,9322.5
2013-05-22,SZE_000605,16.25,16.25,0.0,9322.5,水务,9322.5
2013-05-23,SZE_000605,16.99,16.99,0.0,9322.5,水务,9322.5
2013-05-24,SZE_000605,16.84,16.84,0.0,9322.5,水务,9322.5
2013-05-27,SZE_000605,16.75,16.75,0.0,9322.5,水务,9322.5
2013-05-28,SZE_000605,16.92,16.92,0.0,9322.5,水务,9322.5
2013-05-29,SZE_000605,16.94,16.94,0.0,9322.5,水务,9322.5
2013-05-30,SZE_000605,16.73,16.73,0.0,9322.5,水务,9322.5
2013-05-31,SZE_000605,16.9,16.9,0.0,9322.5,水务,9322.5
2013-06-03,SZE_000605,17.5,17.5,0.0,9322.5,水务,9322.5
2013-06-04,SZE_000605,17.59,17.59,0.0,9322.5,水务,9322.5
2013-06-05,SZE_000605,17.0,17.0,0.0,9322.5,水务,9322.5
2013-06-06,SZE_000605,16.68,16.68,0.0,9322.5,水务,9322.5
2013-06-07,SZE_000605,16.7,16.7,0.0,9322.5,水务,9322.5
2013-06-13,SZE_000605,18.37,18.37,0.0,9322.5,水务,9322.5
2013-06-14,SZE_000605,18.23,18.23,0.0,9322.5,水务,9322.5
2013-06-17,SZE_000605,19.11,19.11,0.0,9322.5,水务,9322.5
2013-06-18,SZE_000605,19.5,19.5,0.0,9322.5,水务,9322.5
2013-06-19,SZE_000605,18.5,18.5,0.0,9322.5,水务,9322.5
2013-06-20,SZE_000605,17.5,17.5,0.0,9322.5,水务,9322.5
2013-06-21,SZE_000605,16.9,16.9,0.0,9322.5,水务,9322.5
2013-06-24,SZE_000605,15.21,15.21,0.0,9322.5,水务,9322.5
2013-06-25,SZE_000605,14.9,14.9,0.0,9322.5,水务,9322.5
2013-06-26,SZE_000605,15.32,15.32,0.0,9322.5,水务,9322.5
2013-06-27,SZE_000605,15.54,15.54,0.0,9322.5,水务,9322.5
2013-06-28,SZE_000605,15.3,15.3,0.0,9322.5,水务,9322.5
2013-07-01,SZE_000605,15.7,15.7,0.0,9322.5,水务,9322.5
2013-07-02,SZE_000605,15.88,15.88,0.0,9322.5,水务,9322.5
2013-07-03,SZE_000605,16.19,16.19,0.0,9322.5,水务,9322.5
2013-07-04,SZE_000605,15.88,15.88,0.0,9322.5,水务,9322.5
2013-07-05,SZE_000605,15.44,15.44,0.0,9322.5,水务,9322.5
2013-07-08,SZE_000605,14.46,14.46,0.0,9322.5,水务,9322.5
2013-07-09,SZE_000605,14.22,14.22,0.0,9322.5,水务,9322.5
2013-07-10,SZE_000605,15.38,15.38,0.0,9322.5,水务,9322.5
2013-07-11,SZE_000605,15.68,15.68,0.0,9322.5,水务,9322.5
2013-07-12,SZE_000605,15.47,15.47,0.0,9322.5,水务,9322.5
2013-07-15,SZE_000605,15.67,15.67,0.0,9322.5,水务,9322.5
2013-07-16,SZE_000605,15.7,15.7,0.0,9322.5,水务,9322.5
2013-07-17,SZE_000605,15.45,15.45,0.0,9322.5,水务,9322.5
2013-07-18,SZE_000605,15.71,15.71,0.0,9322.5,水务,9322.5
2013-07-19,SZE_000605,15.0,15.0,0.0,9322.5,水务,9322.5
2013-07-22,SZE_000605,15.36,15.36,0.0,9322.5,水务,9322.5
2013-07-23,SZE_000605,15.42,15.42,0.0,9322.5,水务,9322.5
2013-07-24,SZE_000605,15.75,15.75,0.0,9322.5,水务,9322.5
2013-07-25,SZE_000605,15.41,15.41,0.0,9322.5,水务,9322.5
2013-07-26,SZE_000605,15.28,15.28,0.0,9322.5,水务,9322.5
2013-07-29,SZE_000605,16.81,16.81,0.0,9322.5,水务,9322.5
2013-07-30,SZE_000605,17.5,17.5,0.0,9322.5,水务,9322.5
2013-07-31,SZE_000605,18.0,18.0,0.0,9322.5,水务,9322.5
2013-08-01,SZE_000605,17.73,17.73,0.0,9322.5,水务,9322.5
2013-08-02,SZE_000605,17.16,17.16,0.0,9322.5,水务,9322.5
2013-08-05,SZE_000605,17.29,17.29,0.0,9322.5,水务,9322.5
2013-08-06,SZE_000605,17.41,17.41,0.0,9322.5,水务,9322.5
2013-08-07,SZE_000605,17.22,17.22,0.0,9322.5,水务,9322.5
2013-08-08,SZE_000605,17.91,17.91,0.0,9322.5,水务,9322.5
2013-08-09,SZE_000605,17.35,17.35,0.0,9322.5,水务,9322.5
2013-08-12,SZE_000605,17.35,17.35,0.0,9322.5,水务,9322.5
2013-08-13,SZE_000605,17.38,17.38,0.0,9322.5,水务,9322.5
2013-08-14,SZE_000605,17.25,17.25,0.0,9322.5,水务,9322.5
2013-08-15,SZE_000605,16.74,16.74,0.0,9322.5,水务,9322.5
2013-08-16,SZE_000605,16.55,16.55,0.0,9322.5,水务,9322.5
2013-08-19,SZE_000605,16.79,16.79,0.0,9322.5,水务,9322.5
2013-08-20,SZE_000605,17.09,17.09,0.0,9322.5,水务,9322.5
2013-08-21,SZE_000605,16.88,16.88,0.0,9322.5,水务,9322.5
2013-08-22,SZE_000605,17.4,17.4,0.0,9322.5,水务,9322.5
2013-08-23,SZE_000605,17.23,17.23,0.0,9322.5,水务,9322.5
2013-08-26,SZE_000605,17.26,17.26,0.0,9322.5,水务,9322.5
2013-08-27,SZE_000605,17.11,17.11,0.0,9322.5,水务,9322.5
2013-08-28,SZE_000605,16.76,16.76,0.0,9322.5,水务,9322.5
2013-08-29,SZE_000605,17.22,17.22,0.0,9322.5,水务,9322.5
2013-08-30,SZE_000605,17.03,17.03,0.0,9322.5,水务,9322.5
2013-09-02,SZE_000605,16.78,16.78,0.0,9322.5,水务,9322.5
2013-09-03,SZE_000605,16.81,16.81,0.0,9322.5,水务,9322.5
2013-09-04,SZE_000605,16.79,16.79,0.0,9322.5,水务,9322.5
2013-09-05,SZE_000605,17.12,17.12,0.0,9322.5,水务,9322.5
2013-09-06,SZE_000605,17.1,17.1,0.0,9322.5,水务,9322.5
2013-09-09,SZE_000605,16.86,16.86,0.0,9322.5,水务,9322.5
2013-09-10,SZE_000605,16.77,16.77,0.0,9322.5,水务,9322.5
2013-09-11,SZE_000605,16.67,16.67,0.0,9322.5,水务,9322.5
2013-09-12,SZE_000605,16.26,16.26,0.0,9322.5,水务,9322.5
2013-09-13,SZE_000605,15.95,15.95,0.0,9322.5,水务,9322.5
2013-09-16,SZE_000605,16.04,16.04,0.0,9322.5,水务,9322.5
2013-09-17,SZE_000605,15.86,15.86,0.0,9322.5,水务,9322.5
2013-09-18,SZE_000605,16.05,16.05,0.0,9322.5,水务,9322.5
2013-09-23,SZE_000605,16.35,16.35,0.0,9322.5,水务,9322.5
2013-09-24,SZE_000605,16.18,16.18,0.0,9322.5,水务,9322.5
2013-09-25,SZE_000605,15.86,15.86,0.0,9322.5,水务,9322.5
2013-09-26,SZE_000605,16.12,16.12,0.0,9322.5,水务,9322.5
2013-09-27,SZE_000605,16.12,16.12,0.0,9322.5,水务,9322.5
2013-09-30,SZE_000605,16.17,16.17,0.0,9322.5,水务,9322.5
2013-10-08,SZE_000605,17.57,17.57,0.0,9322.5,水务,9322.5
2013-10-09,SZE_000605,17.41,17.41,0.0,9322.5,水务,9322.5
2013-10-10,SZE_000605,16.9,16.9,0.0,9322.5,水务,9322.5
2013-10-11,SZE_000605,17.08,17.08,0.0,9322.5,水务,9322.5
2013-10-14,SZE_000605,17.16,17.16,0.0,9322.5,水务,9322.5
2013-10-15,SZE_000605,17.8,17.8,0.0,9322.5,水务,9322.5
2013-10-24,SZE_000605,18.5,18.5,0.0,9322.5,水务,9322.5
2013-10-25,SZE_000605,17.27,17.27,0.0,9322.5,水务,9322.5
2013-10-28,SZE_000605,16.05,16.05,0.0,9322.5,水务,9322.5
2013-10-29,SZE_000605,15.29,15.29,0.0,9322.5,水务,9322.5
2013-10-30,SZE_000605,15.91,15.91,0.0,9322.5,水务,9322.5
2013-10-31,SZE_000605,15.51,15.51,0.0,9322.5,水务,9322.5
2013-11-01,SZE_000605,15.57,15.57,0.0,9322.5,水务,9322.5
2013-11-04,SZE_000605,15.7,15.7,0.0,9322.5,水务,9322.5
2013-11-05,SZE_000605,15.69,15.69,0.0,9322.5,水务,9322.5
2013-11-06,SZE_000605,15.74,15.74,0.0,9322.5,水务,9322.5
2013-11-07,SZE_000605,15.51,15.51,0.0,9322.5,水务,9322.5
2013-11-08,SZE_000605,15.67,15.67,0.0,9322.5,水务,9322.5
2013-11-11,SZE_000605,15.77,15.77,0.0,9322.5,水务,9322.5
2013-11-12,SZE_000605,15.65,15.65,0.0,9322.5,水务,9322.5
2013-11-13,SZE_000605,15.42,15.42,0.0,9322.5,水务,9322.5
2013-11-14,SZE_000605,15.48,15.48,0.0,9322.5,水务,9322.5
2013-11-15,SZE_000605,15.8,15.8,0.0,9322.5,水务,9322.5
2013-11-18,SZE_000605,16.02,16.02,0.0,9322.5,水务,9322.5
2013-11-19,SZE_000605,16.13,16.13,0.0,9322.5,水务,9322.5
2013-11-20,SZE_000605,16.28,16.28,0.0,9322.5,水务,9322.5
2013-11-21,SZE_000605,16.1,16.1,0.0,9322.5,水务,9322.5
2013-11-22,SZE_000605,15.81,15.81,0.0,9322.5,水务,9322.5
2013-11-25,SZE_000605,15.78,15.78,0.0,9322.5,水务,9322.5
2013-11-26,SZE_000605,15.75,15.75,0.0,9322.5,水务,9322.5
2013-11-27,SZE_000605,15.98,15.98,0.0,9322.5,水务,9322.5
2013-11-28,SZE_000605,17.58,17.58,0.0,9322.5,水务,9322.5
2013-11-29,SZE_000605,17.23,17.23,0.0,9322.5,水务,9322.5
2013-12-02,SZE_000605,15.85,15.85,0.0,9322.5,水务,9322.5
2013-12-03,SZE_000605,16.05,16.05,0.0,9322.5,水务,9322.5
2013-12-04,SZE_000605,16.28,16.28,0.0,9322.5,水务,9322.5
2013-12-05,SZE_000605,16.01,16.01,0.0,9322.5,水务,9322.5
2013-12-06,SZE_000605,16.67,16.67,0.0,9322.5,水务,9322.5
2013-12-09,SZE_000605,16.34,16.34,0.0,9322.5,水务,9322.5
2013-12-10,SZE_000605,16.49,16.49,0.0,9322.5,水务,9322.5
2013-12-11,SZE_000605,16.25,16.25,0.0,9322.5,水务,9322.5
2013-12-12,SZE_000605,16.37,16.37,0.0,9322.5,水务,9322.5
2013-12-13,SZE_000605,16.27,16.27,0.0,9322.5,水务,9322.5
2013-12-16,SZE_000605,15.75,15.75,0.0,9322.5,水务,9322.5
2013-12-17,SZE_000605,15.74,15.74,0.0,9322.5,水务,9322.5
2013-12-18,SZE_000605,15.8,15.8,0.0,9322.5,水务,9322.5
2013-12-19,SZE_000605,15.85,15.85,0.0,9322.5,水务,9322.5
2013-12-20,SZE_000605,16.09,16.09,0.0,9322.5,水务,9322.5
2013-12-23,SZE_000605,15.85,15.85,0.0,9322.5,水务,9322.5
2013-12-24,SZE_000605,15.82,15.82,0.0,9322.5,水务,9322.5
2013-12-25,SZE_000605,15.95,15.95,0.0,9322.5,水务,9322.5
2013-12-26,SZE_000605,15.65,15.65,0.0,9322.5,水务,9322.5
2013-12-27,SZE_000605,15.7,15.7,0.0,8843.0,水务,9322.5
2013-12-30,SZE_000605,15.71,15.71,0.0,8843.0,水务,9322.5
2013-12-31,SZE_000605,15.76,15.76,0.0,8843.0,水务,9322.5
2014-01-02,SZE_000605,15.87,15.87,0.0,8843.0,水务,9322.5
2014-01-03,SZE_000605,16.1,16.1,0.0,8843.0,水务,9322.5
2014-01-06,SZE_000605,15.71,15.71,0.0,8843.0,水务,9322.5
2014-01-07,SZE_000605,15.76,15.76,0.0,8843.0,水务,9322.5
2014-01-08,SZE_000605,15.86,15.86,0.0,8843.0,水务,9322.5
2014-01-09,SZE_000605,15.86,15.86,0.0,8843.0,水务,9322.5
2014-01-10,SZE_000605,15.35,15.35,0.0,8843.0,水务,9322.5
2014-01-13,SZE_000605,14.8,14.8,0.0,8843.0,水务,9322.5
2014-01-14,SZE_000605,14.83,14.83,0.0,8843.0,水务,9322.5
2014-01-15,SZE_000605,14.84,14.84,0.0,8843.0,水务,9322.5
2014-01-16,SZE_000605,15.05,15.05,0.0,8843.0,水务,9322.5
2014-01-17,SZE_000605,14.96,14.96,0.0,8843.0,水务,9322.5
2014-01-20,SZE_000605,14.88,14.88,0.0,8843.0,水务,9322.5
2014-01-21,SZE_000605,14.82,14.82,0.0,8843.0,水务,9322.5
2014-01-22,SZE_000605,15.01,15.01,0.0,8843.0,水务,9322.5
2014-01-23,SZE_000605,15.08,15.08,0.0,8843.0,水务,9322.5
2014-01-24,SZE_000605,15.29,15.29,0.0,8843.0,水务,9322.5
2014-01-27,SZE_000605,15.07,15.07,0.0,8843.0,水务,9322.5
2014-01-28,SZE_000605,16.58,16.58,0.0,8843.0,水务,9322.5
2014-01-29,SZE_000605,17.55,17.55,0.0,8843.0,水务,9322.5
2014-01-30,SZE_000605,17.12,17.12,0.0,8843.0,水务,9322.5
2014-02-07,SZE_000605,17.17,17.17,0.0,8843.0,水务,9322.5
2014-02-10,SZE_000605,17.47,17.47,0.0,8843.0,水务,9322.5
2014-02-11,SZE_000605,17.23,17.23,0.0,8843.0,水务,9322.5
2014-02-12,SZE_000605,17.81,17.81,0.0,8843.0,水务,9322.5
2014-02-13,SZE_000605,17.6,17.6,0.0,8843.0,水务,9322.5
2014-02-14,SZE_000605,17.6,17.6,0.0,8843.0,水务,9322.5
2014-02-17,SZE_000605,18.14,18.14,0.0,8843.0,水务,9322.5
2014-02-18,SZE_000605,17.82,17.82,0.0,8843.0,水务,9322.5
2014-02-19,SZE_000605,18.71,18.71,0.0,8843.0,水务,9322.5
2014-02-20,SZE_000605,17.95,17.95,0.0,8843.0,水务,9322.5
2014-02-21,SZE_000605,18.24,18.24,0.0,8843.0,水务,9322.5
2014-02-24,SZE_000605,18.53,18.53,0.0,8843.0,水务,9322.5
2014-02-25,SZE_000605,17.71,17.71,0.0,8843.0,水务,9322.5
2014-02-26,SZE_000605,17.95,17.95,0.0,8843.0,水务,9322.5
2014-02-27,SZE_000605,18.29,18.29,0.0,8843.0,水务,9322.5
2014-02-28,SZE_000605,17.88,17.88,0.0,8843.0,水务,9322.5
2014-03-03,SZE_000605,17.35,17.35,0.0,8843.0,水务,9322.5
2014-03-04,SZE_000605,17.59,17.59,0.0,8843.0,水务,12323.1
2014-03-05,SZE_000605,17.19,17.19,0.0,8843.0,水务,12323.1
2014-03-06,SZE_000605,17.5,17.5,0.0,8843.0,水务,12323.1
2014-03-07,SZE_000605,17.2,17.2,0.0,8843.0,水务,12323.1
2014-03-10,SZE_000605,16.61,16.61,0.0,8843.0,水务,12323.1
2014-03-11,SZE_000605,16.64,16.64,0.0,8843.0,水务,12323.1
2014-03-12,SZE_000605,17.98,17.98,0.0,8843.0,水务,12323.1
2014-03-13,SZE_000605,17.69,17.69,0.0,8843.0,水务,12323.1
2014-03-14,SZE_000605,17.47,17.47,0.0,8843.0,水务,12323.1
2014-03-17,SZE_000605,17.62,17.62,0.0,8843.0,水务,12323.1
2014-03-18,SZE_000605,17.6,17.6,0.0,8843.0,水务,12323.1
2014-03-19,SZE_000605,16.9,16.9,0.0,8843.0,水务,12323.1
2014-03-20,SZE_000605,16.95,16.95,0.0,8843.0,水务,12323.1
2014-03-21,SZE_000605,17.1,17.1,0.0,8843.0,水务,12323.1
2014-03-24,SZE_000605,17.06,17.06,0.0,8843.0,水务,12323.1
2014-03-25,SZE_000605,17.11,17.11,0.0,8843.0,水务,12323.1
2014-03-26,SZE_000605,17.03,17.03,0.0,8843.0,水务,12323.1
2014-03-27,SZE_000605,16.38,16.38,0.0,8843.0,水务,12323.1
2014-03-28,SZE_000605,15.45,15.45,0.0,8843.0,水务,12323.1
2014-03-31,SZE_000605,15.63,15.63,0.0,8843.0,水务,12323.1
2014-04-01,SZE_000605,15.69,15.69,0.0,8843.0,水务,12323.1
2014-04-02,SZE_000605,15.55,15.55,0.0,8843.0,水务,12323.1
2014-04-03,SZE_000605,17.11,17.11,0.0,8843.0,水务,12323.1
2014-04-04,SZE_000605,16.7,16.7,0.0,8843.0,水务,12323.1
2014-04-08,SZE_000605,16.72,16.72,0.0,8843.0,水务,12323.1
2014-04-09,SZE_000605,16.69,16.69,0.0,8843.0,水务,12323.1
2014-04-10,SZE_000605,16.53,16.53,0.0,8843.0,水务,12323.1
2014-04-11,SZE_000605,16.37,16.37,0.0,8843.0,水务,12323.1
2014-04-14,SZE_000605,17.17,17.17,0.0,8843.0,水务,12323.1
2014-04-15,SZE_000605,17.74,17.74,0.0,8843.0,水务,12323.1
2014-04-16,SZE_000605,17.21,17.21,0.0,8843.0,水务,12323.1
2014-04-17,SZE_000605,16.98,16.98,0.0,8843.0,水务,12323.1
2014-04-18,SZE_000605,17.02,17.02,0.0,8843.0,水务,12323.1
2014-04-21,SZE_000605,16.65,16.65,0.0,8843.0,水务,12323.1
2014-04-22,SZE_000605,16.51,16.51,0.0,8843.0,水务,12323.1
2014-04-23,SZE_000605,16.46,16.46,0.0,8843.0,水务,12323.1
2014-04-24,SZE_000605,16.44,16.44,0.0,8843.0,水务,12323.1
2014-04-25,SZE_000605,15.82,15.82,0.0,8843.0,水务,12323.1
2014-04-28,SZE_000605,15.63,15.63,0.0,8843.0,水务,12323.1
2014-04-29,SZE_000605,16.08,16.08,0.0,8843.0,水务,12323.1
2014-04-30,SZE_000605,15.79,15.79,0.0,8843.0,水务,12323.1
2014-05-05,SZE_000605,15.7,15.7,0.0,8843.0,水务,12323.1
2014-05-06,SZE_000605,15.86,15.86,0.0,8843.0,水务,12323.1
2014-05-07,SZE_000605,15.55,15.55,0.0,8843.0,水务,12323.1
2014-05-08,SZE_000605,15.29,15.29,0.0,8843.0,水务,12323.1
2014-05-09,SZE_000605,15.39,15.39,0.0,8843.0,水务,12323.1
2014-05-12,SZE_000605,15.71,15.71,0.0,8843.0,水务,12323.1
2014-05-13,SZE_000605,15.8,15.8,0.0,8843.0,水务,12323.1
2014-05-14,SZE_000605,15.82,15.82,0.0,8843.0,水务,12323.1
2014-05-15,SZE_000605,16.24,16.24,0.0,8843.0,水务,12323.1
2014-05-16,SZE_000605,16.6,16.6,0.0,8843.0,水务,12323.1
2014-05-19,SZE_000605,15.75,15.75,0.0,8843.0,水务,12323.1
2014-05-20,SZE_000605,15.59,15.59,0.0,8843.0,水务,12323.1
2014-05-21,SZE_000605,15.74,15.74,0.0,8843.0,水务,12323.1
2014-05-22,SZE_000605,15.61,15.61,0.0,8843.0,水务,12323.1
2014-05-23,SZE_000605,15.62,15.62,0.0,8843.0,水务,12323.1
2014-05-26,SZE_000605,15.86,15.86,0.0,8843.0,水务,12323.1
2014-05-27,SZE_000605,15.62,15.62,0.0,8843.0,水务,12323.1
2014-05-28,SZE_000605,15.66,15.66,0.0,8843.0,水务,12323.1
2014-05-29,SZE_000605,15.55,15.55,0.0,8843.0,水务,12323.1
2014-05-30,SZE_000605,15.9,15.9,0.0,8843.0,水务,12323.1
2014-06-03,SZE_000605,15.86,15.86,0.0,8843.0,水务,12323.1
2014-06-04,SZE_000605,15.66,15.66,0.0,8843.0,水务,12323.1
2014-06-05,SZE_000605,15.72,15.72,0.0,8843.0,水务,12323.1
2014-06-06,SZE_000605,15.58,15.58,0.0,8843.0,水务,12323.1
2014-06-09,SZE_000605,15.52,15.52,0.0,8843.0,水务,12323.1
2014-06-10,SZE_000605,15.58,15.58,0.0,8843.0,水务,12323.1
2014-06-11,SZE_000605,15.77,15.77,0.0,8843.0,水务,12323.1
2014-06-12,SZE_000605,15.44,15.44,0.0,8843.0,水务,12323.1
2014-06-13,SZE_000605,15.52,15.52,0.0,8843.0,水务,12323.1
2014-06-16,SZE_000605,15.53,15.53,0.0,8843.0,水务,12323.1
2014-06-17,SZE_000605,15.37,15.37,0.0,8843.0,水务,12323.1
2014-06-18,SZE_000605,15.11,15.11,0.0,8843.0,水务,12323.1
2014-06-19,SZE_000605,14.65,14.65,0.0,8843.0,水务,12323.1
2014-06-20,SZE_000605,14.85,14.85,0.0,8843.0,水务,12323.1
2014-06-23,SZE_000605,14.95,14.95,0.0,8843.0,水务,12323.1
2014-06-24,SZE_000605,15.64,15.64,0.0,8843.0,水务,12323.1
2014-06-25,SZE_000605,15.44,15.44,0.0,8843.0,水务,12323.1
2014-06-26,SZE_000605,15.4,15.4,0.0,8843.0,水务,12323.1
2014-06-27,SZE_000605,15.4,15.4,0.0,8843.0,水务,12323.1
2014-06-30,SZE_000605,15.45,15.45,0.0,8843.0,水务,12323.1
2014-07-01,SZE_000605,15.52,15.52,0.0,8843.0,水务,12323.1
2014-07-02,SZE_000605,15.67,15.67,0.0,8843.0,水务,12323.1
2014-07-03,SZE_000605,15.71,15.71,0.0,8843.0,水务,12323.1
2014-07-04,SZE_000605,15.53,15.53,0.0,8843.0,水务,12323.1
2014-07-07,SZE_000605,15.64,15.64,0.0,8843.0,水务,12323.1
2014-07-08,SZE_000605,16.69,16.69,0.0,8843.0,水务,12323.1
2014-07-09,SZE_000605,16.18,16.18,0.0,8843.0,水务,12323.1
2014-07-10,SZE_000605,15.87,15.87,0.0,8843.0,水务,12323.1
2014-07-11,SZE_000605,16.22,16.22,0.0,8843.0,水务,12323.1
2014-07-14,SZE_000605,16.01,16.01,0.0,8843.0,水务,19499.1
2014-07-15,SZE_000605,16.0,16.0,0.0,8843.0,水务,19499.1
2014-07-16,SZE_000605,16.11,16.11,0.0,8843.0,水务,19499.1
2014-07-17,SZE_000605,15.66,15.66,0.0,8843.0,水务,19499.1
2014-07-18,SZE_000605,15.7,15.7,0.0,8843.0,水务,19499.1
2014-07-21,SZE_000605,15.5,15.5,0.0,8843.0,水务,19499.1
2014-07-22,SZE_000605,15.55,15.55,0.0,8843.0,水务,19499.1
2014-07-23,SZE_000605,15.53,15.53,0.0,8843.0,水务,19499.1
2014-07-24,SZE_000605,15.68,15.68,0.0,8843.0,水务,19499.1
2014-07-25,SZE_000605,16.24,16.24,0.0,8843.0,水务,19499.1
2014-07-28,SZE_000605,16.28,16.28,0.0,8843.0,水务,19499.1
2014-07-29,SZE_000605,16.25,16.25,0.0,8843.0,水务,19499.1
2014-07-30,SZE_000605,16.2,16.2,0.0,8843.0,水务,19499.1
2014-07-31,SZE_000605,16.21,16.21,0.0,8843.0,水务,19499.1
2014-08-01,SZE_000605,16.2,16.2,0.0,8843.0,水务,19499.1
2014-08-04,SZE_000605,16.34,16.34,0.0,8843.0,水务,19499.1
2014-08-05,SZE_000605,16.45,16.45,0.0,8843.0,水务,19499.1
2014-08-06,SZE_000605,16.54,16.54,0.0,8843.0,水务,19499.1
2014-08-07,SZE_000605,16.14,16.14,0.0,8843.0,水务,19499.1
2014-08-08,SZE_000605,16.14,16.14,0.0,8843.0,水务,19499.1
2014-08-11,SZE_000605,16.39,16.39,0.0,8843.0,水务,19499.1
2014-08-12,SZE_000605,16.3,16.3,0.0,8843.0,水务,19499.1
2014-08-13,SZE_000605,16.59,16.59,0.0,8843.0,水务,19499.1
2014-08-14,SZE_000605,16.6,16.6,0.0,8843.0,水务,19499.1
2014-08-15,SZE_000605,16.69,16.69,0.0,8843.0,水务,19499.1
2014-08-18,SZE_000605,16.85,16.85,0.0,8843.0,水务,19499.1
2014-08-19,SZE_000605,17.0,17.0,0.0,8843.0,水务,19499.1
2014-08-20,SZE_000605,16.72,16.72,0.0,8843.0,水务,19499.1
2014-08-21,SZE_000605,17.44,17.44,0.0,8843.0,水务,19499.1
2014-08-22,SZE_000605,17.3,17.3,0.0,8843.0,水务,19499.1
2014-08-25,SZE_000605,16.88,16.88,0.0,8843.0,水务,19499.1
2014-08-26,SZE_000605,16.6,16.6,0.0,8843.0,水务,19499.1
2014-08-27,SZE_000605,16.62,16.62,0.0,8843.0,水务,19499.1
2014-08-28,SZE_000605,16.35,16.35,0.0,8843.0,水务,19499.1
2014-08-29,SZE_000605,16.46,16.46,0.0,8843.0,水务,19499.1
2014-09-01,SZE_000605,16.66,16.66,0.0,8843.0,水务,19499.1
2014-09-02,SZE_000605,16.89,16.89,0.0,8843.0,水务,19499.1
2014-09-03,SZE_000605,16.98,16.98,0.0,8843.0,水务,19499.1
2014-09-04,SZE_000605,17.32,17.32,0.0,8843.0,水务,19499.1
2014-09-05,SZE_000605,17.2,17.2,0.0,8843.0,水务,19499.1
2014-09-09,SZE_000605,17.26,17.26,0.0,8843.0,水务,19499.1
2014-10-22,SZE_000605,16.92,16.92,0.0,8843.0,水务,19499.1
2014-10-23,SZE_000605,16.4,16.4,0.0,8843.0,水务,19499.1
2014-10-24,SZE_000605,16.55,16.55,0.0,8843.0,水务,19499.1
2014-10-27,SZE_000605,16.9,16.9,0.0,8843.0,水务,19499.1
2014-10-28,SZE_000605,17.18,17.18,0.0,8843.0,水务,19499.1
2014-10-29,SZE_000605,17.63,17.63,0.0,8843.0,水务,19499.1
2014-10-30,SZE_000605,17.64,17.64,0.0,8843.0,水务,19499.1
2014-10-31,SZE_000605,17.41,17.41,0.0,8843.0,水务,19499.1
2014-11-03,SZE_000605,17.42,17.42,0.0,8843.0,水务,19499.1
2014-11-04,SZE_000605,17.36,17.36,0.0,8843.0,水务,19499.1
2014-11-05,SZE_000605,17.44,17.44,0.0,8843.0,水务,19499.1
2014-11-06,SZE_000605,18.01,18.01,0.0,8843.0,水务,19499.1
2014-11-07,SZE_000605,17.7,17.7,0.0,8843.0,水务,19499.1
2014-11-10,SZE_000605,18.18,18.18,0.0,8843.0,水务,19499.1
2014-11-11,SZE_000605,18.4,18.4,0.0,8843.0,水务,19499.1
2014-11-12,SZE_000605,18.76,18.76,0.0,8843.0,水务,19499.1
2014-11-13,SZE_000605,18.1,18.1,0.0,8843.0,水务,19499.1
2014-11-14,SZE_000605,17.8,17.8,0.0,8843.0,水务,19499.1
2014-11-17,SZE_000605,17.85,17.85,0.0,8843.0,水务,19499.1
2014-11-18,SZE_000605,17.97,17.97,0.0,8843.0,水务,19499.1
2014-11-19,SZE_000605,18.07,18.07,0.0,8843.0,水务,19499.1
2014-11-20,SZE_000605,17.93,17.93,0.0,8843.0,水务,19499.1
2014-11-21,SZE_000605,18.14,18.14,0.0,8843.0,水务,19499.1
2014-11-24,SZE_000605,18.44,18.44,0.0,8843.0,水务,19499.1
2014-11-25,SZE_000605,18.78,18.78,0.0,8843.0,水务,19499.1
2014-11-26,SZE_000605,18.68,18.68,0.0,8843.0,水务,19499.1
2014-11-27,SZE_000605,18.53,18.53,0.0,8843.0,水务,19499.1
2014-11-28,SZE_000605,18.51,18.51,0.0,8843.0,水务,19499.1
2014-12-01,SZE_000605,18.46,18.46,0.0,8843.0,水务,19499.1
2014-12-02,SZE_000605,19.26,19.26,0.0,8843.0,水务,19499.1
2014-12-03,SZE_000605,19.01,19.01,0.0,8843.0,水务,19499.1
2014-12-04,SZE_000605,19.04,19.04,0.0,8843.0,水务,19499.1
2014-12-05,SZE_000605,17.92,17.92,0.0,8843.0,水务,19499.1
2014-12-08,SZE_000605,17.97,17.97,0.0,8843.0,水务,19499.1
2014-12-09,SZE_000605,16.45,16.45,0.0,8843.0,水务,19499.1
2014-12-10,SZE_000605,17.5,17.5,0.0,8843.0,水务,19499.1
2014-12-11,SZE_000605,17.99,17.99,0.0,8843.0,水务,19499.1
2014-12-12,SZE_000605,18.38,18.38,0.0,8843.0,水务,19499.1
2014-12-15,SZE_000605,18.2,18.2,0.0,8843.0,水务,19499.1
2014-12-16,SZE_000605,18.06,18.06,0.0,8843.0,水务,19499.1
2014-12-17,SZE_000605,17.45,17.45,0.0,8843.0,水务,19499.1
2014-12-18,SZE_000605,17.45,17.45,0.0,8843.0,水务,19499.1
2014-12-19,SZE_000605,17.05,17.05,0.0,8843.0,水务,19499.1
2014-12-22,SZE_000605,15.98,15.98,0.0,8843.0,水务,19499.1
2014-12-23,SZE_000605,16.33,16.33,0.0,8843.0,水务,19499.1
2014-12-24,SZE_000605,17.18,17.18,0.0,8843.0,水务,19499.1
2014-12-25,SZE_000605,17.82,17.82,0.0,8843.0,水务,19499.1
2014-12-26,SZE_000605,17.93,17.93,0.0,8843.0,水务,19499.1
2014-12-29,SZE_000605,17.09,17.09,0.0,8843.0,水务,19499.1
2014-12-30,SZE_000605,16.74,16.74,0.0,8843.0,水务,19499.1
2014-12-31,SZE_000605,17.01,17.01,0.0,8843.0,水务,19499.1
2015-01-05,SZE_000605,16.78,16.78,0.0,8843.0,水务,19499.1
2015-01-06,SZE_000605,17.38,17.38,0.0,8843.0,水务,19499.1
2015-01-07,SZE_000605,17.78,17.78,0.0,8843.0,水务,19499.1
2015-01-08,SZE_000605,17.72,17.72,0.0,8843.0,水务,19499.1
2015-01-09,SZE_000605,17.52,17.52,0.0,8843.0,水务,19499.1
2015-01-12,SZE_000605,16.98,16.98,0.0,8843.0,水务,19499.1
2015-04-22,SZE_000605,18.68,18.68,0.0,11843.5,水务,19499.1
2015-04-23,SZE_000605,20.55,20.55,0.0,11843.5,水务,19499.1
2015-04-24,SZE_000605,22.61,22.61,0.0,11843.5,水务,19499.1
2015-04-27,SZE_000605,23.46,23.46,0.0,11843.5,水务,19499.1
2015-04-28,SZE_000605,22.11,22.11,0.0,11843.5,水务,19499.1
2015-04-29,SZE_000605,22.21,22.21,0.0,11843.5,水务,19499.1
2015-04-30,SZE_000605,21.56,21.56,0.0,11843.5,水务,19499.1
2015-05-04,SZE_000605,22.37,22.37,0.0,11843.5,水务,19499.1
2015-05-05,SZE_000605,21.87,21.87,0.0,11843.5,水务,19499.1
2015-05-06,SZE_000605,21.13,21.13,0.0,11843.5,水务,19499.1
2015-05-07,SZE_000605,21.14,21.14,0.0,11843.5,水务,19499.1
2015-05-08,SZE_000605,21.75,21.75,0.0,11843.5,水务,19499.1
2015-05-11,SZE_000605,22.73,22.73,0.0,11843.5,水务,19499.1
2015-05-12,SZE_000605,22.9,22.9,0.0,11843.5,水务,19499.1
2015-05-13,SZE_000605,23.8,23.8,0.0,11843.5,水务,19499.1
2015-05-14,SZE_000605,24.08,24.08,0.0,11843.5,水务,19499.1
2015-05-15,SZE_000605,24.13,24.13,0.0,11843.5,水务,19499.1
2015-05-18,SZE_000605,25.82,25.82,0.0,11843.5,水务,19499.1
2015-05-19,SZE_000605,27.0,27.0,0.0,11843.5,水务,19499.1
2015-05-20,SZE_000605,27.15,27.15,0.0,11843.5,水务,19499.1
2015-05-21,SZE_000605,27.79,27.79,0.0,11843.5,水务,19499.1
2015-05-22,SZE_000605,27.57,27.57,0.0,11843.5,水务,19499.1
2015-05-25,SZE_000605,27.39,27.39,0.0,11843.5,水务,19499.1
2015-05-26,SZE_000605,27.9,27.9,0.0,11843.5,水务,19499.1
2015-05-27,SZE_000605,29.15,29.15,0.0,11843.5,水务,19499.1
2015-05-28,SZE_000605,26.71,26.71,0.0,11843.5,水务,19499.1
2015-05-29,SZE_000605,26.39,26.39,0.0,11843.5,水务,19499.1
2015-06-01,SZE_000605,29.03,29.03,0.0,11843.5,水务,19499.1
2015-06-02,SZE_000605,31.93,31.93,0.0,11843.5,水务,19499.1
2015-06-03,SZE_000605,33.0,33.0,0.0,11843.5,水务,19499.1
2015-06-04,SZE_000605,32.77,32.77,0.0,11843.5,水务,19499.1
2015-06-05,SZE_000605,34.9,34.9,0.0,11843.5,水务,19499.1
2015-06-08,SZE_000605,34.22,34.22,0.0,11843.5,水务,19499.1
2015-06-09,SZE_000605,37.6,37.6,0.0,11843.5,水务,19499.1
2015-06-10,SZE_000605,39.48,39.48,0.0,11843.5,水务,19499.1
2015-06-11,SZE_000605,39.8,39.8,0.0,11843.5,水务,19499.1
2015-06-12,SZE_000605,42.98,42.98,0.0,11843.5,水务,19499.1
2015-06-15,SZE_000605,42.83,42.83,0.0,11843.5,水务,19499.1
2015-06-16,SZE_000605,40.99,40.99,0.0,11843.5,水务,19499.1
2015-06-17,SZE_000605,41.18,41.18,0.0,11843.5,水务,19499.1
2015-06-18,SZE_000605,38.69,38.69,0.0,11843.5,水务,19499.1
2015-06-19,SZE_000605,34.82,34.82,0.0,11843.5,水务,19499.1
2015-06-23,SZE_000605,32.45,32.45,0.0,11843.5,水务,19499.1
2015-06-24,SZE_000605,32.92,32.92,0.0,11843.5,水务,19499.1
2015-06-25,SZE_000605,30.09,30.09,0.0,11843.5,水务,19499.1
2015-06-26,SZE_000605,27.08,27.08,0.0,11843.5,水务,19499.1
2015-06-29,SZE_000605,24.37,24.37,0.0,11843.5,水务,19499.1
2015-06-30,SZE_000605,25.8,25.8,0.0,11843.5,水务,19499.1
2015-07-01,SZE_000605,23.47,23.47,0.0,11843.5,水务,19499.1
2015-07-02,SZE_000605,21.39,21.39,0.0,11843.5,水务,19499.1
2015-07-03,SZE_000605,19.31,19.31,0.0,11843.5,水务,19499.1
2015-07-06,SZE_000605,17.42,17.42,0.0,11843.5,水务,19499.1
2015-07-14,SZE_000605,19.16,19.16,0.0,11843.5,水务,19499.1
2015-07-15,SZE_000605,19.91,19.91,0.0,11843.5,水务,19499.1
2015-07-16,SZE_000605,19.76,19.76,0.0,11843.5,水务,19499.1
2015-07-17,SZE_000605,21.72,21.72,0.0,11843.5,水务,19499.1
2015-07-20,SZE_000605,22.89,22.89,0.0,11843.5,水务,19499.1
2015-07-21,SZE_000605,23.16,23.16,0.0,11843.5,水务,19499.1
2015-07-22,SZE_000605,23.98,23.98,0.0,11843.5,水务,19499.1
2015-07-23,SZE_000605,24.66,24.66,0.0,11843.5,水务,19499.1
2015-07-24,SZE_000605,22.9,22.9,0.0,11843.5,水务,19499.1
2015-07-27,SZE_000605,20.61,20.61,0.0,11843.5,水务,19499.1
2015-07-28,SZE_000605,19.73,19.73,0.0,11843.5,水务,19499.1
2015-07-29,SZE_000605,21.22,21.22,0.0,11843.5,水务,19499.1
2015-07-30,SZE_000605,20.58,20.58,0.0,11843.5,水务,19499.1
2015-07-31,SZE_000605,19.78,19.78,0.0,11843.5,水务,19499.1
2015-08-03,SZE_000605,20.8,20.8,0.0,11843.5,水务,19499.1
2015-08-04,SZE_000605,22.2,22.2,0.0,11843.5,水务,19499.1
2015-08-05,SZE_000605,21.45,21.45,0.0,11843.5,水务,19499.1
2015-08-06,SZE_000605,22.33,22.33,0.0,11843.5,水务,19499.1
2015-08-07,SZE_000605,22.71,22.71,0.0,11843.5,水务,19499.1
2015-08-10,SZE_000605,24.06,24.06,0.0,11843.5,水务,19499.1
2015-08-11,SZE_000605,23.6,23.6,0.0,11843.5,水务,19499.1
2015-08-12,SZE_000605,22.79,22.79,0.0,11843.5,水务,19499.1
2015-08-13,SZE_000605,23.37,23.37,0.0,11843.5,水务,19499.1
2015-08-14,SZE_000605,24.74,24.74,0.0,11843.5,水务,19499.1
2015-08-17,SZE_000605,26.37,26.37,0.0,11843.5,水务,19499.1
2015-08-18,SZE_000605,23.73,23.73,0.0,11843.5,水务,19499.1
2015-08-19,SZE_000605,23.83,23.83,0.0,11843.5,水务,19499.1
2015-08-20,SZE_000605,22.0,22.0,0.0,11843.5,水务,19499.1
2015-08-21,SZE_000605,19.88,19.88,0.0,11843.5,水务,19499.1
2015-08-24,SZE_000605,17.89,17.89,0.0,11843.5,水务,19499.1
2015-08-25,SZE_000605,16.1,16.1,0.0,11843.5,水务,19499.1
2015-08-26,SZE_000605,14.88,14.88,0.0,11843.5,水务,19499.1
2015-08-27,SZE_000605,16.3,16.3,0.0,11843.5,水务,19499.1
2015-08-28,SZE_000605,17.79,17.79,0.0,11843.5,水务,19499.1
2015-08-31,SZE_000605,16.48,16.48,0.0,11843.5,水务,19499.1
2015-09-01,SZE_000605,14.83,14.83,0.0,11843.5,水务,19499.1
2015-09-02,SZE_000605,13.44,13.44,0.0,11843.5,水务,19499.1
2015-09-07,SZE_000605,14.26,14.26,0.0,11843.5,水务,19499.1
2015-09-08,SZE_000605,15.2,15.2,0.0,11843.5,水务,19499.1
2015-09-09,SZE_000605,16.17,16.17,0.0,11843.5,水务,19499.1
2015-09-10,SZE_000605,16.01,16.01,0.0,11843.5,水务,19499.1
2015-09-11,SZE_000605,16.25,16.25,0.0,11843.5,水务,19499.1
2015-09-14,SZE_000605,14.63,14.63,0.0,11843.5,水务,19499.1
2015-09-15,SZE_000605,13.23,13.23,0.0,11843.5,水务,19499.1
2015-09-16,SZE_000605,14.55,14.55,0.0,11843.5,水务,19499.1
2015-09-17,SZE_000605,14.3,14.3,0.0,11843.5,水务,19499.1
2015-09-18,SZE_000605,14.63,14.63,0.0,11843.5,水务,19499.1
2015-09-21,SZE_000605,15.6,15.6,0.0,11843.5,水务,19499.1
2015-09-22,SZE_000605,15.61,15.61,0.0,11843.5,水务,19499.1
2015-09-23,SZE_000605,15.23,15.23,0.0,11843.5,水务,19499.1
2015-09-24,SZE_000605,15.61,15.61,0.0,11843.5,水务,19499.1
2015-09-25,SZE_000605,15.07,15.07,0.0,11843.5,水务,19499.1
2015-09-28,SZE_000605,15.9,15.9,0.0,11843.5,水务,19499.1
2015-09-29,SZE_000605,15.3,15.3,0.0,11843.5,水务,19499.1
2015-09-30,SZE_000605,15.51,15.51,0.0,11843.5,水务,19499.1
2015-10-08,SZE_000605,16.2,16.2,0.0,11843.5,水务,19499.1
2015-10-09,SZE_000605,16.65,16.65,0.0,11843.5,水务,19499.1
2015-10-12,SZE_000605,17.66,17.66,0.0,11843.5,水务,19499.1
2015-10-13,SZE_000605,17.67,17.67,0.0,11843.5,水务,19499.1
2015-10-14,SZE_000605,17.3,17.3,0.0,11843.5,水务,19499.1
2015-10-15,SZE_000605,17.83,17.83,0.0,11843.5,水务,19499.1
2015-10-16,SZE_000605,18.66,18.66,0.0,11843.5,水务,19499.1
2015-10-19,SZE_000605,18.28,18.28,0.0,11843.5,水务,19499.1
2015-10-20,SZE_000605,18.46,18.46,0.0,11843.5,水务,19499.1
2015-10-21,SZE_000605,16.63,16.63,0.0,11843.5,水务,19499.1
2015-10-22,SZE_000605,17.33,17.33,0.0,11843.5,水务,19499.1
2015-10-23,SZE_000605,18.07,18.07,0.0,11843.5,水务,19499.1
2015-10-26,SZE_000605,19.2,19.2,0.0,11843.5,水务,19499.1
2015-10-27,SZE_000605,19.01,19.01,0.0,11843.5,水务,19499.1
2015-10-28,SZE_000605,18.8,18.8,0.0,11843.5,水务,19499.1
2015-10-29,SZE_000605,18.89,18.89,0.0,11843.5,水务,19499.1
2015-10-30,SZE_000605,18.77,18.77,0.0,11843.5,水务,19499.1
2015-11-02,SZE_000605,18.88,18.88,0.0,11843.5,水务,19499.1
2015-11-03,SZE_000605,18.95,18.95,0.0,11843.5,水务,19499.1
2015-11-04,SZE_000605,20.18,20.18,0.0,11843.5,水务,19499.1
2015-11-05,SZE_000605,19.84,19.84,0.0,11843.5,水务,19499.1
2015-11-06,SZE_000605,20.45,20.45,0.0,11843.5,水务,19499.1
2015-11-09,SZE_000605,20.39,20.39,0.0,11843.5,水务,19499.1
2015-11-10,SZE_000605,20.62,20.62,0.0,11843.5,水务,19499.1
2015-11-11,SZE_000605,21.83,21.83,0.0,11843.5,水务,19499.1
2015-11-12,SZE_000605,22.3,22.3,0.0,11843.5,水务,19499.1
2015-11-13,SZE_000605,22.58,22.58,0.0,11843.5,水务,19499.1
2015-11-16,SZE_000605,23.46,23.46,0.0,11843.5,水务,19499.1
2015-11-17,SZE_000605,23.09,23.09,0.0,11843.5,水务,19499.1
2015-11-18,SZE_000605,22.44,22.44,0.0,11843.5,水务,19499.1
2015-11-19,SZE_000605,23.15,23.15,0.0,11843.5,水务,19499.1
2015-11-20,SZE_000605,23.18,23.18,0.0,11843.5,水务,19499.1
2015-11-23,SZE_000605,22.93,22.93,0.0,11843.5,水务,19499.1
2015-11-24,SZE_000605,23.2,23.2,0.0,11843.5,水务,19499.1
2015-11-25,SZE_000605,23.53,23.53,0.0,11843.5,水务,19499.1
2015-11-26,SZE_000605,23.48,23.48,0.0,11843.5,水务,19499.1
2015-11-27,SZE_000605,22.2,22.2,0.0,11843.5,水务,19499.1
2015-11-30,SZE_000605,22.61,22.61,0.0,11843.5,水务,19499.1
2015-12-01,SZE_000605,24.3,24.3,0.0,11843.5,水务,19499.1
2015-12-02,SZE_000605,23.66,23.66,0.0,11843.5,水务,19499.1
2015-12-03,SZE_000605,23.69,23.69,0.0,11843.5,水务,19499.1
2015-12-04,SZE_000605,23.3,23.3,0.0,11843.5,水务,19499.1
2015-12-07,SZE_000605,23.48,23.48,0.0,11843.5,水务,19499.1
2015-12-08,SZE_000605,23.92,23.92,0.0,11843.5,水务,19499.1
2015-12-09,SZE_000605,25.1,25.1,0.0,11843.5,水务,19499.1
2015-12-10,SZE_000605,24.86,24.86,0.0,11843.5,水务,19499.1
2015-12-11,SZE_000605,24.9,24.9,0.0,11843.5,水务,19499.1
2015-12-14,SZE_000605,24.93,24.93,0.0,11843.5,水务,19499.1
2015-12-15,SZE_000605,24.77,24.77,0.0,11843.5,水务,19499.1
2015-12-16,SZE_000605,24.79,24.79,0.0,11843.5,水务,19499.1
2015-12-17,SZE_000605,25.8,25.8,0.0,11843.5,水务,19499.1
2015-12-18,SZE_000605,26.27,26.27,0.0,11843.5,水务,19499.1
2015-12-21,SZE_000605,26.89,26.89,0.0,11843.5,水务,19499.1
2015-12-22,SZE_000605,26.76,26.76,0.0,11843.5,水务,19499.1
2015-12-23,SZE_000605,29.44,29.44,0.0,11843.5,水务,19499.1
2015-12-24,SZE_000605,29.0,29.0,0.0,11843.5,水务,19499.1
2015-12-25,SZE_000605,31.67,31.67,0.0,11843.5,水务,19499.1
2015-12-28,SZE_000605,34.2,34.2,0.0,11843.5,水务,19499.1
2015-12-29,SZE_000605,35.0,35.0,0.0,11843.5,水务,19499.1
2015-12-30,SZE_000605,33.0,33.0,0.0,11843.5,水务,19499.1
2015-12-31,SZE_000605,32.99,32.99,0.0,11843.5,水务,19499.1
2016-01-04,SZE_000605,29.73,29.73,0.0,11843.5,水务,19499.1
2016-01-05,SZE_000605,30.47,30.47,0.0,11843.5,水务,19499.1
2016-01-06,SZE_000605,30.35,30.35,0.0,11843.5,水务,19499.1
2016-01-07,SZE_000605,29.61,29.61,0.0,11843.5,水务,19499.1
2016-01-08,SZE_000605,30.55,30.55,0.0,11843.5,水务,19499.1
2016-01-11,SZE_000605,29.6,29.6,0.0,11843.5,水务,19499.1
2016-01-12,SZE_000605,29.57,29.57,0.0,11843.5,水务,19499.1
2016-01-13,SZE_000605,29.93,29.93,0.0,11843.5,水务,19499.1
2016-01-14,SZE_000605,26.94,26.94,0.0,11843.5,水务,19499.1
2016-01-15,SZE_000605,24.25,24.25,0.0,11843.5,水务,19499.1
2016-01-18,SZE_000605,21.83,21.83,0.0,11843.5,水务,19499.1
2016-01-19,SZE_000605,21.83,21.83,0.0,11843.5,水务,19499.1
2016-01-20,SZE_000605,20.07,20.07,0.0,11843.5,水务,19499.1
2016-01-21,SZE_000605,18.06,18.06,0.0,11843.5,水务,19499.1
2016-01-22,SZE_000605,17.7,17.7,0.0,11843.5,水务,19499.1
2016-01-25,SZE_000605,18.43,18.43,0.0,11843.5,水务,19499.1
2016-01-26,SZE_000605,16.59,16.59,0.0,11843.5,水务,19499.1
2016-01-27,SZE_000605,16.39,16.39,0.0,11843.5,水务,19499.1
2016-01-28,SZE_000605,15.32,15.32,0.0,11843.5,水务,19499.1
2016-01-29,SZE_000605,16.18,16.18,0.0,11843.5,水务,19499.1
2016-02-01,SZE_000605,16.36,16.36,0.0,11843.5,水务,19499.1
2016-02-02,SZE_000605,16.96,16.96,0.0,11843.5,水务,19499.1
2016-02-03,SZE_000605,16.88,16.88,0.0,11843.5,水务,19499.1
2016-02-04,SZE_000605,17.29,17.29,0.0,11843.5,水务,19499.1
2016-02-05,SZE_000605,16.86,16.86,0.0,11843.5,水务,19499.1
2016-02-15,SZE_000605,16.57,16.57,0.0,11843.5,水务,19499.1
2016-02-16,SZE_000605,17.55,17.55,0.0,11843.5,水务,19499.1
2016-02-17,SZE_000605,18.28,18.28,0.0,11843.5,水务,19499.1
2016-02-18,SZE_000605,18.56,18.56,0.0,11843.5,水务,19499.1
2016-02-19,SZE_000605,20.42,20.42,0.0,11843.5,水务,19499.1
2016-02-22,SZE_000605,20.98,20.98,0.0,11843.5,水务,19499.1
2016-02-23,SZE_000605,19.9,19.9,0.0,11843.5,水务,19499.1
2016-02-24,SZE_000605,19.69,19.69,0.0,11843.5,水务,19499.1
2016-02-25,SZE_000605,17.72,17.72,0.0,11843.5,水务,19499.1
2016-02-26,SZE_000605,17.4,17.4,0.0,11843.5,水务,19499.1
2016-02-29,SZE_000605,16.18,16.18,0.0,11843.5,水务,19499.1
2016-03-01,SZE_000605,16.96,16.96,0.0,11843.5,水务,19499.1
2016-03-02,SZE_000605,17.83,17.83,0.0,11843.5,水务,19499.1
2016-03-03,SZE_000605,17.91,17.91,0.0,11843.5,水务,19499.1
2016-03-04,SZE_000605,16.76,16.76,0.0,11843.5,水务,19499.1
2016-03-07,SZE_000605,17.37,17.37,0.0,11843.5,水务,19499.1
2016-03-08,SZE_000605,17.5,17.5,0.0,11843.5,水务,19499.1
2016-03-09,SZE_000605,16.79,16.79,0.0,11843.5,水务,19499.1
2016-03-10,SZE_000605,16.58,16.58,0.0,11843.5,水务,19499.1
2016-03-11,SZE_000605,16.44,16.44,0.0,11843.5,水务,19499.1
2016-03-14,SZE_000605,17.28,17.28,0.0,11843.5,水务,19499.1
2016-03-15,SZE_000605,17.2,17.2,0.0,11843.5,水务,19499.1
2016-03-16,SZE_000605,16.93,16.93,0.0,11843.5,水务,19499.1
2016-03-17,SZE_000605,17.47,17.47,0.0,11843.5,水务,19499.1
2016-03-18,SZE_000605,18.88,18.88,0.0,11843.5,水务,19499.1
2016-03-21,SZE_000605,19.09,19.09,0.0,11843.5,水务,19499.1
2016-03-22,SZE_000605,19.28,19.28,0.0,11843.5,水务,19499.1
2016-03-23,SZE_000605,19.2,19.2,0.0,11843.5,水务,19499.1
2016-03-24,SZE_000605,19.44,19.44,0.0,11843.5,水务,19499.1
2016-03-25,SZE_000605,19.71,19.71,0.0,11843.5,水务,19499.1
2016-03-28,SZE_000605,19.75,19.75,0.0,11843.5,水务,19499.1
2016-03-29,SZE_000605,18.8,18.8,0.0,11843.5,水务,19499.1
2016-03-30,SZE_000605,19.34,19.34,0.0,11843.5,水务,19499.1
2016-03-31,SZE_000605,19.2,19.2,0.0,11843.5,水务,19499.1
2016-04-01,SZE_000605,18.9,18.9,0.0,11843.5,水务,19499.1
2016-04-05,SZE_000605,19.58,19.58,0.0,11843.5,水务,19499.1
2016-04-06,SZE_000605,19.9,19.9,0.0,11843.5,水务,19499.1
2016-04-07,SZE_000605,19.13,19.13,0.0,11843.5,水务,19499.1
2016-04-08,SZE_000605,19.13,19.13,0.0,11843.5,水务,19499.1
2016-04-11,SZE_000605,19.7,19.7,0.0,11843.5,水务,19499.1
2016-04-12,SZE_000605,19.9,19.9,0.0,11843.5,水务,19499.1
2016-04-13,SZE_000605,20.4,20.4,0.0,11843.5,水务,19499.1
2016-04-14,SZE_000605,20.48,20.48,0.0,11843.5,水务,19499.1
2016-04-15,SZE_000605,20.64,20.64,0.0,11843.5,水务,19499.1
2016-04-18,SZE_000605,19.87,19.87,0.0,11843.5,水务,19499.1
2016-04-19,SZE_000605,19.87,19.87,0.0,11843.5,水务,19499.1
2016-04-20,SZE_000605,18.55,18.55,0.0,11843.5,水务,19499.1
2016-04-21,SZE_000605,18.2,18.2,0.0,11843.5,水务,19499.1
2016-04-22,SZE_000605,18.38,18.38,0.0,11843.5,水务,19499.1
2016-04-25,SZE_000605,17.95,17.95,0.0,11843.5,水务,19499.1
2016-04-26,SZE_000605,18.27,18.27,0.0,11843.5,水务,19499.1
2016-04-27,SZE_000605,18.41,18.41,0.0,11843.5,水务,19499.1
2016-04-28,SZE_000605,18.86,18.86,0.0,11843.5,水务,19499.1
2016-04-29,SZE_000605,19.03,19.03,0.0,11843.5,水务,19499.1
2016-05-03,SZE_000605,19.64,19.64,0.0,11843.5,水务,19499.1
2016-05-04,SZE_000605,19.62,19.62,0.0,11843.5,水务,19499.1
2016-05-05,SZE_000605,19.45,19.45,0.0,11843.5,水务,19499.1
2016-05-06,SZE_000605,18.17,18.17,0.0,11843.5,水务,19499.1
2016-05-09,SZE_000605,16.92,16.92,0.0,11843.5,水务,19499.1
2016-05-10,SZE_000605,17.0,17.0,0.0,11843.5,水务,19499.1
2016-05-11,SZE_000605,17.01,17.01,0.0,11843.5,水务,19499.1
2016-05-12,SZE_000605,16.85,16.85,0.0,11843.5,水务,19499.1
2016-05-13,SZE_000605,16.7,16.7,0.0,11843.5,水务,19499.1
2016-05-16,SZE_000605,17.02,17.02,0.0,11843.5,水务,19499.1
2016-05-17,SZE_000605,17.0,17.0,0.0,11843.5,水务,19499.1
2016-05-18,SZE_000605,16.29,16.29,0.0,11843.5,水务,19499.1
2016-05-19,SZE_000605,16.32,16.32,0.0,11843.5,水务,19499.1
2016-05-20,SZE_000605,16.56,16.56,0.0,11843.5,水务,19499.1
2016-05-23,SZE_000605,16.85,16.85,0.0,11843.5,水务,19499.1
2016-05-24,SZE_000605,16.59,16.59,0.0,11843.5,水务,19499.1
2016-05-25,SZE_000605,16.65,16.65,0.0,11843.5,水务,19499.1
2016-05-26,SZE_000605,16.67,16.67,0.0,11843.5,水务,19499.1
2016-05-27,SZE_000605,17.42,17.42,0.0,11843.5,水务,19499.1
2016-05-30,SZE_000605,17.67,17.67,0.0,11843.5,水务,19499.1
2016-05-31,SZE_000605,18.13,18.13,0.0,11843.5,水务,19499.1
2016-06-01,SZE_000605,17.89,17.89,0.0,11843.5,水务,19499.1
2016-06-02,SZE_000605,18.01,18.01,0.0,11843.5,水务,19499.1
2016-06-03,SZE_000605,17.96,17.96,0.0,11843.5,水务,19499.1
2016-06-06,SZE_000605,18.05,18.05,0.0,11843.5,水务,19499.1
2016-06-07,SZE_000605,18.18,18.18,0.0,11843.5,水务,19499.1
2016-06-08,SZE_000605,17.99,17.99,0.0,11843.5,水务,19499.1
2016-06-13,SZE_000605,16.68,16.68,0.0,11843.5,水务,19499.1
2016-06-14,SZE_000605,16.62,16.62,0.0,11843.5,水务,19499.1
2016-06-15,SZE_000605,17.17,17.17,0.0,11843.5,水务,19499.1
2016-06-16,SZE_000605,17.03,17.03,0.0,11843.5,水务,19499.1
2016-06-17,SZE_000605,17.25,17.25,0.0,11843.5,水务,19499.1
2016-06-20,SZE_000605,17.08,17.08,0.0,11843.5,水务,19499.1
2016-06-21,SZE_000605,17.25,17.25,0.0,11843.5,水务,19499.1
2016-06-22,SZE_000605,17.6,17.6,0.0,11843.5,水务,19499.1
2016-06-23,SZE_000605,17.55,17.55,0.0,11843.5,水务,19499.1
2016-06-24,SZE_000605,17.47,17.47,0.0,11843.5,水务,19499.1
2016-06-27,SZE_000605,17.82,17.82,0.0,11843.5,水务,19499.1
2016-06-28,SZE_000605,18.61,18.61,0.0,11843.5,水务,19499.1
2016-06-29,SZE_000605,18.3,18.3,0.0,11843.5,水务,19499.1
2016-06-30,SZE_000605,18.17,18.17,0.0,11843.5,水务,19499.1
2016-07-01,SZE_000605,18.16,18.16,0.0,11843.5,水务,19499.1
2016-07-04,SZE_000605,18.56,18.56,0.0,11843.5,水务,19499.1
2016-07-05,SZE_000605,18.45,18.45,0.0,11843.5,水务,19499.1
2016-07-06,SZE_000605,18.72,18.72,0.0,11843.5,水务,19499.1
2016-07-07,SZE_000605,18.53,18.53,0.0,11843.5,水务,19499.1
2016-07-08,SZE_000605,18.8,18.8,0.0,11843.5,水务,19499.1
2016-07-11,SZE_000605,19.05,19.05,0.0,11843.5,水务,19499.1
2016-07-12,SZE_000605,19.56,19.56,0.0,11843.5,水务,19499.1
2016-07-13,SZE_000605,21.52,21.52,0.0,11843.5,水务,19499.1
2016-07-14,SZE_000605,20.9,20.9,0.0,11843.5,水务,19499.1
2016-07-15,SZE_000605,20.47,20.47,0.0,11843.5,水务,19499.1
2016-07-18,SZE_000605,20.16,20.16,0.0,11843.5,水务,19499.1
2016-07-19,SZE_000605,20.47,20.47,0.0,11843.5,水务,19499.1
2016-07-20,SZE_000605,20.31,20.31,0.0,11843.5,水务,19499.1
2016-07-21,SZE_000605,20.3,20.3,0.0,11843.5,水务,19499.1
2016-07-22,SZE_000605,20.06,20.06,0.0,11843.5,水务,19499.1
2016-07-25,SZE_000605,20.41,20.41,0.0,11843.5,水务,19499.1
2016-07-26,SZE_000605,20.55,20.55,0.0,11843.5,水务,19499.1
2016-07-27,SZE_000605,18.71,18.71,0.0,11843.5,水务,19499.1
2016-07-28,SZE_000605,18.45,18.45,0.0,11843.5,水务,19499.1
2016-07-29,SZE_000605,18.58,18.58,0.0,11843.5,水务,19499.1
2016-08-01,SZE_000605,17.66,17.66,0.0,11843.5,水务,19499.1
2016-08-02,SZE_000605,18.14,18.14,0.0,11843.5,水务,19499.1
2016-08-03,SZE_000605,19.16,19.16,0.0,11843.5,水务,19499.1
2016-08-04,SZE_000605,18.72,18.72,0.0,11843.5,水务,19499.1
2016-08-05,SZE_000605,19.31,19.31,0.0,11843.5,水务,19499.1
2016-08-08,SZE_000605,20.0,20.0,0.0,11843.5,水务,19499.1
2016-08-09,SZE_000605,20.07,20.07,0.0,11843.5,水务,19499.1
2016-08-10,SZE_000605,20.08,20.08,0.0,11843.5,水务,19499.1
2016-08-11,SZE_000605,20.85,20.85,0.0,11843.5,水务,19499.1
2016-08-12,SZE_000605,20.54,20.54,0.0,11843.5,水务,19499.1
2016-08-15,SZE_000605,21.02,21.02,0.0,11843.5,水务,19499.1
2016-08-16,SZE_000605,21.02,21.02,0.0,11843.5,水务,19499.1
2016-08-17,SZE_000605,21.62,21.62,0.0,11843.5,水务,19499.1
2016-08-18,SZE_000605,21.29,21.29,0.0,11843.5,水务,19499.1
2016-08-19,SZE_000605,21.08,21.08,0.0,11843.5,水务,19499.1
2016-08-22,SZE_000605,20.55,20.55,0.0,11843.5,水务,19499.1
2016-08-23,SZE_000605,20.75,20.75,0.0,11843.5,水务,19499.1
2016-08-24,SZE_000605,21.32,21.32,0.0,11843.5,水务,19499.1
2016-08-25,SZE_000605,21.7,21.7,0.0,11843.5,水务,19499.1
2016-08-26,SZE_000605,22.72,22.72,0.0,11843.5,水务,19499.1
2016-08-29,SZE_000605,23.5,23.5,0.0,11843.5,水务,19499.1
2016-08-30,SZE_000605,21.2,21.2,0.0,11843.5,水务,19499.1
2016-08-31,SZE_000605,20.4,20.4,0.0,11843.5,水务,19499.1
2016-09-01,SZE_000605,20.03,20.03,0.0,11843.5,水务,19499.1
2016-09-02,SZE_000605,19.7,19.7,0.0,11843.5,水务,19499.1
2016-09-05,SZE_000605,20.2,20.2,0.0,11843.5,水务,19499.1
2016-09-06,SZE_000605,21.84,21.84,0.0,11843.5,水务,19499.1
2016-09-07,SZE_000605,24.02,24.02,0.0,11843.5,水务,19499.1
2016-09-08,SZE_000605,25.38,25.38,0.0,11843.5,水务,19499.1
2016-09-09,SZE_000605,27.92,27.92,0.0,11843.5,水务,19499.1
2016-09-12,SZE_000605,26.66,26.66,0.0,11843.5,水务,19499.1
2016-09-13,SZE_000605,25.69,25.69,0.0,11843.5,水务,19499.1
2016-09-14,SZE_000605,25.29,25.29,0.0,11843.5,水务,19499.1
2016-09-19,SZE_000605,25.2,25.2,0.0,11843.5,水务,19499.1
2016-09-20,SZE_000605,24.48,24.48,0.0,11843.5,水务,19499.1
2016-09-21,SZE_000605,24.57,24.57,0.0,11843.5,水务,19499.1
2016-09-22,SZE_000605,24.7,24.7,0.0,11843.5,水务,19499.1
2016-09-23,SZE_000605,24.35,24.35,0.0,11843.5,水务,19499.1
2016-09-26,SZE_000605,23.6,23.6,0.0,11843.5,水务,19499.1
2016-09-27,SZE_000605,23.47,23.47,0.0,11843.5,水务,19499.1
2016-09-28,SZE_000605,23.41,23.41,0.0,11843.5,水务,19499.1
2016-09-29,SZE_000605,23.58,23.58,0.0,11843.5,水务,19499.1
2016-09-30,SZE_000605,23.84,23.84,0.0,11843.5,水务,19499.1
2016-10-10,SZE_000605,24.74,24.74,0.0,11843.5,水务,19499.1
2016-10-11,SZE_000605,24.8,24.8,0.0,11843.5,水务,19499.1
2016-10-12,SZE_000605,24.18,24.18,0.0,11843.5,水务,19499.1
2016-10-13,SZE_000605,24.31,24.31,0.0,11843.5,水务,19499.1
2016-10-14,SZE_000605,23.65,23.65,0.0,11843.5,水务,19499.1
2016-10-17,SZE_000605,22.95,22.95,0.0,11843.5,水务,19499.1
2016-10-18,SZE_000605,23.36,23.36,0.0,11843.5,水务,19499.1
2016-10-19,SZE_000605,25.16,25.16,0.0,11843.5,水务,19499.1
2016-10-20,SZE_000605,24.75,24.75,0.0,11843.5,水务,19499.1
2016-10-21,SZE_000605,23.81,23.81,0.0,11843.5,水务,19499.1
2016-10-24,SZE_000605,23.84,23.84,0.0,11843.5,水务,19499.1
2016-10-25,SZE_000605,24.73,24.73,0.0,11843.5,水务,19499.1
2016-10-26,SZE_000605,24.08,24.08,0.0,11843.5,水务,19499.1
2016-10-27,SZE_000605,24.25,24.25,0.0,11843.5,水务,19499.1
2016-10-28,SZE_000605,23.71,23.71,0.0,11843.5,水务,19499.1
2016-10-31,SZE_000605,23.57,23.57,0.0,11843.5,水务,19499.1
2016-11-01,SZE_000605,23.77,23.77,0.0,11843.5,水务,19499.1
2016-11-02,SZE_000605,23.3,23.3,0.0,11843.5,水务,19499.1
2016-11-03,SZE_000605,23.53,23.53,0.0,11843.5,水务,19499.1
2016-11-04,SZE_000605,24.53,24.53,0.0,11843.5,水务,19499.1
2016-11-07,SZE_000605,24.32,24.32,0.0,11843.5,水务,19499.1
2016-11-08,SZE_000605,24.26,24.26,0.0,11843.5,水务,19499.1
2016-11-09,SZE_000605,23.66,23.66,0.0,11843.5,水务,19499.1
2016-11-10,SZE_000605,23.95,23.95,0.0,11843.5,水务,19499.1
2016-11-11,SZE_000605,23.85,23.85,0.0,11843.5,水务,19499.1
2016-11-14,SZE_000605,24.2,24.2,0.0,11843.5,水务,19499.1
2016-11-15,SZE_000605,24.62,24.62,0.0,11843.5,水务,19499.1
2016-11-16,SZE_000605,25.51,25.51,0.0,11843.5,水务,19499.1
2016-11-17,SZE_000605,24.47,24.47,0.0,11843.5,水务,19499.1
2016-11-18,SZE_000605,24.14,24.14,0.0,11843.5,水务,19499.1
2016-11-21,SZE_000605,24.15,24.15,0.0,11843.5,水务,19499.1
2016-11-22,SZE_000605,24.88,24.88,0.0,11843.5,水务,19499.1
2016-11-23,SZE_000605,24.3,24.3,0.0,11843.5,水务,19499.1
2016-11-24,SZE_000605,23.87,23.87,0.0,11843.5,水务,19499.1
2016-11-25,SZE_000605,23.58,23.58,0.0,11843.5,水务,19499.1
2016-11-28,SZE_000605,23.66,23.66,0.0,11843.5,水务,19499.1
2016-11-29,SZE_000605,23.08,23.08,0.0,11843.5,水务,19499.1
2016-11-30,SZE_000605,22.29,22.29,0.0,11843.5,水务,19499.1
2016-12-01,SZE_000605,22.57,22.57,0.0,11843.5,水务,19499.1
2016-12-02,SZE_000605,21.56,21.56,0.0,11843.5,水务,19499.1
2016-12-05,SZE_000605,21.98,21.98,0.0,11843.5,水务,19499.1
2016-12-06,SZE_000605,21.9,21.9,0.0,11843.5,水务,19499.1
2016-12-07,SZE_000605,22.11,22.11,0.0,11843.5,水务,19499.1
2016-12-08,SZE_000605,21.95,21.95,0.0,11843.5,水务,19499.1
2016-12-09,SZE_000605,21.96,21.96,0.0,11843.5,水务,19499.1
2016-12-12,SZE_000605,20.2,20.2,0.0,11843.5,水务,19499.1
2016-12-13,SZE_000605,20.41,20.41,0.0,11843.5,水务,19499.1
2016-12-14,SZE_000605,20.09,20.09,0.0,11843.5,水务,19499.1
2016-12-15,SZE_000605,20.43,20.43,0.0,11843.5,水务,19499.1
2016-12-16,SZE_000605,20.66,20.66,0.0,11843.5,水务,19499.1
2016-12-19,SZE_000605,20.83,20.83,0.0,11843.5,水务,19499.1
2016-12-20,SZE_000605,20.89,20.89,0.0,11843.5,水务,19499.1
2016-12-21,SZE_000605,21.27,21.27,0.0,11843.5,水务,19499.1
2016-12-22,SZE_000605,21.02,21.02,0.0,11843.5,水务,19499.1
2016-12-23,SZE_000605,20.64,20.64,0.0,11843.5,水务,19499.1
2016-12-26,SZE_000605,20.91,20.91,0.0,11843.5,水务,19499.1
2016-12-27,SZE_000605,21.16,21.16,0.0,11843.5,水务,19499.1
2016-12-28,SZE_000605,21.04,21.04,0.0,11843.5,水务,19499.1
2016-12-29,SZE_000605,20.88,20.88,0.0,11843.5,水务,19499.1
2016-12-30,SZE_000605,21.03,21.03,0.0,11843.5,水务,19499.1
2017-01-03,SZE_000605,21.36,21.36,0.0,11843.5,水务,19499.1
2017-01-04,SZE_000605,21.47,21.47,0.0,11843.5,水务,19499.1
2017-01-05,SZE_000605,21.36,21.36,0.0,11843.5,水务,19499.1
2017-01-06,SZE_000605,21.5,21.5,0.0,11843.5,水务,19499.1
2017-01-09,SZE_000605,21.68,21.68,0.0,11843.5,水务,19499.1
2017-01-10,SZE_000605,21.77,21.77,0.0,11843.5,水务,19499.1
2017-01-11,SZE_000605,21.36,21.36,0.0,11843.5,水务,19499.1
2017-01-12,SZE_000605,20.72,20.72,0.0,11843.5,水务,19499.1
2017-01-13,SZE_000605,20.32,20.32,0.0,11843.5,水务,19499.1
2017-01-16,SZE_000605,18.7,18.7,0.0,11843.5,水务,19499.1
2017-01-17,SZE_000605,19.11,19.11,0.0,11843.5,水务,19499.1
2017-01-18,SZE_000605,19.28,19.28,0.0,11843.5,水务,19499.1
2017-01-19,SZE_000605,18.91,18.91,0.0,11843.5,水务,19499.1
2017-01-20,SZE_000605,19.23,19.23,0.0,11843.5,水务,19499.1
2017-01-23,SZE_000605,21.15,21.15,0.0,11843.5,水务,19499.1
2017-01-24,SZE_000605,23.27,23.27,0.0,11843.5,水务,19499.1
2017-01-25,SZE_000605,22.12,22.12,0.0,11843.5,水务,19499.1
2017-01-26,SZE_000605,22.0,22.0,0.0,11843.5,水务,19499.1
2017-02-03,SZE_000605,21.7,21.7,0.0,11843.5,水务,19499.1
2017-02-06,SZE_000605,22.0,22.0,0.0,11843.5,水务,19499.1
2017-02-07,SZE_000605,22.56,22.56,0.0,11843.5,水务,19499.1
2017-02-08,SZE_000605,22.4,22.4,0.0,11843.5,水务,25189.9
2017-02-09,SZE_000605,23.02,23.02,0.0,11843.5,水务,25189.9
2017-02-10,SZE_000605,22.56,22.56,0.0,11843.5,水务,25189.9
2017-02-13,SZE_000605,22.26,22.26,0.0,11843.5,水务,25189.9
2017-02-14,SZE_000605,22.23,22.23,0.0,11843.5,水务,25189.9
2017-02-15,SZE_000605,21.55,21.55,0.0,11843.5,水务,25189.9
2017-02-16,SZE_000605,21.85,21.85,0.0,11843.5,水务,25189.9
2017-02-17,SZE_000605,21.4,21.4,0.0,11843.5,水务,25189.9
2017-02-20,SZE_000605,20.92,20.92,0.0,11843.5,水务,25189.9
2017-02-21,SZE_000605,21.0,21.0,0.0,11843.5,水务,25189.9
2017-02-22,SZE_000605,21.11,21.11,0.0,11843.5,水务,25189.9
2017-02-23,SZE_000605,21.58,21.58,0.0,11843.5,水务,25189.9
2017-02-24,SZE_000605,21.3,21.3,0.0,11843.5,水务,25189.9
2017-02-27,SZE_000605,21.0,21.0,0.0,11843.5,水务,25189.9
2017-02-28,SZE_000605,21.06,21.06,0.0,11843.5,水务,25189.9
2017-03-01,SZE_000605,21.02,21.02,0.0,11843.5,水务,25189.9
2017-03-02,SZE_000605,20.62,20.62,0.0,11843.5,水务,25189.9
2017-03-03,SZE_000605,20.44,20.44,0.0,11843.5,水务,25189.9
2017-03-06,SZE_000605,20.71,20.71,0.0,11843.5,水务,25189.9
2017-03-07,SZE_000605,20.83,20.83,0.0,11843.5,水务,25189.9
2017-03-08,SZE_000605,20.73,20.73,0.0,11843.5,水务,25189.9
2017-03-09,SZE_000605,20.71,20.71,0.0,11843.5,水务,25189.9
2017-03-10,SZE_000605,20.75,20.75,0.0,11843.5,水务,25189.9
2017-03-13,SZE_000605,20.74,20.74,0.0,11843.5,水务,25189.9
2017-03-14,SZE_000605,20.13,20.13,0.0,11843.5,水务,25189.9
2017-03-15,SZE_000605,20.2,20.2,0.0,12323.1,水务,25189.9
2017-03-16,SZE_000605,20.39,20.39,0.0,12323.1,水务,25189.9
2017-03-17,SZE_000605,20.18,20.18,0.0,12323.1,水务,25189.9
2017-03-20,SZE_000605,20.38,20.38,0.0,12323.1,水务,25189.9
2017-03-21,SZE_000605,20.24,20.24,0.0,12323.1,水务,25189.9
2017-03-22,SZE_000605,20.56,20.56,0.0,12323.1,水务,25189.9
2017-03-23,SZE_000605,20.72,20.72,0.0,12323.1,水务,25189.9
2017-03-24,SZE_000605,20.96,20.96,0.0,12323.1,水务,25189.9
2017-03-27,SZE_000605,20.93,20.93,0.0,12323.1,水务,25189.9
2017-03-28,SZE_000605,20.73,20.73,0.0,12323.1,水务,25189.9
2017-03-29,SZE_000605,20.85,20.85,0.0,12323.1,水务,25189.9
2017-03-30,SZE_000605,20.75,20.75,0.0,12323.1,水务,25189.9
2017-03-31,SZE_000605,20.38,20.38,0.0,12323.1,水务,25189.9
2017-04-05,SZE_000605,22.42,22.42,0.0,12323.1,水务,25189.9
2017-04-06,SZE_000605,24.66,24.66,0.0,12323.1,水务,25189.9
2017-04-07,SZE_000605,27.13,27.13,0.0,12323.1,水务,25189.9
2017-04-10,SZE_000605,29.84,29.84,0.0,12323.1,水务,25189.9
2017-04-11,SZE_000605,32.82,32.82,0.0,12323.1,水务,25189.9
2017-04-12,SZE_000605,36.1,36.1,0.0,12323.1,水务,25189.9
2017-04-17,SZE_000605,32.49,32.49,0.0,12323.1,水务,25189.9
2017-04-18,SZE_000605,29.99,29.99,0.0,12323.1,水务,25189.9
2017-04-19,SZE_000605,30.83,30.83,0.0,12323.1,水务,25189.9
2017-04-20,SZE_000605,28.56,28.56,0.0,12323.1,水务,25189.9
2017-04-21,SZE_000605,26.4,26.4,0.0,12323.1,水务,25189.9
2017-04-24,SZE_000605,26.86,26.86,0.0,12323.1,水务,25189.9
2017-04-25,SZE_000605,28.7,28.7,0.0,12323.1,水务,25189.9
2017-04-26,SZE_000605,31.57,31.57,0.0,12323.1,水务,25189.9
2017-04-27,SZE_000605,34.73,34.73,0.0,12323.1,水务,25189.9
2017-04-28,SZE_000605,36.55,36.55,0.0,12323.1,水务,25189.9
2017-05-02,SZE_000605,39.3,39.3,0.0,12323.1,水务,25189.9
2017-05-03,SZE_000605,35.37,35.37,0.0,12323.1,水务,25189.9
2017-05-04,SZE_000605,34.66,34.66,0.0,12323.1,水务,25189.9
2017-05-05,SZE_000605,36.08,36.08,0.0,12323.1,水务,25189.9
2017-05-08,SZE_000605,32.47,32.47,0.0,12323.1,水务,25189.9
2017-05-09,SZE_000605,31.69,31.69,0.0,12323.1,水务,25189.9
2017-05-10,SZE_000605,30.75,30.75,0.0,12323.1,水务,25189.9
2017-05-11,SZE_000605,31.99,31.99,0.0,12323.1,水务,25189.9
2017-05-12,SZE_000605,32.45,32.45,0.0,12323.1,水务,25189.9
2017-05-15,SZE_000605,31.83,31.83,0.0,12323.1,水务,25189.9
2017-05-16,SZE_000605,35.01,35.01,0.0,12323.1,水务,25189.9
2017-05-17,SZE_000605,36.9,36.9,0.0,12323.1,水务,25189.9
2017-05-18,SZE_000605,33.21,33.21,0.0,12323.1,水务,25189.9
2017-05-19,SZE_000605,32.99,32.99,0.0,12323.1,水务,25189.9
2017-05-22,SZE_000605,31.0,31.0,0.0,12323.1,水务,25189.9
2017-05-23,SZE_000605,29.29,29.29,0.0,12323.1,水务,25189.9
2017-05-24,SZE_000605,30.34,30.34,0.0,12323.1,水务,25189.9
2017-05-25,SZE_000605,30.65,30.65,0.0,12323.1,水务,25189.9
2017-05-26,SZE_000605,30.12,30.12,0.0,12323.1,水务,25189.9
2017-05-31,SZE_000605,29.71,29.71,0.0,12323.1,水务,25189.9
2017-06-01,SZE_000605,26.74,26.74,0.0,12323.1,水务,25189.9
2017-06-02,SZE_000605,27.2,27.2,0.0,12323.1,水务,25189.9
2017-06-05,SZE_000605,27.38,27.38,0.0,12323.1,水务,25189.9
2017-06-06,SZE_000605,26.34,26.34,0.0,12323.1,水务,25189.9
2017-06-07,SZE_000605,28.97,28.97,0.0,12323.1,水务,25189.9
2017-06-08,SZE_000605,29.29,29.29,0.0,12323.1,水务,25189.9
2017-06-09,SZE_000605,31.61,31.61,0.0,12323.1,水务,25189.9
2017-06-12,SZE_000605,30.41,30.41,0.0,12323.1,水务,25189.9
2017-06-13,SZE_000605,31.38,31.38,0.0,12323.1,水务,25189.9
2017-06-14,SZE_000605,30.91,30.91,0.0,12323.1,水务,25189.9
2017-06-15,SZE_000605,31.01,31.01,0.0,12323.1,水务,25189.9
2017-06-16,SZE_000605,32.24,32.24,0.0,12323.1,水务,25189.9
2017-06-19,SZE_000605,31.89,31.89,0.0,12323.1,水务,25189.9
2017-06-20,SZE_000605,32.15,32.15,0.0,12323.1,水务,25189.9
2017-06-21,SZE_000605,31.8,31.8,0.0,12323.1,水务,25189.9
2017-06-22,SZE_000605,30.2,30.2,0.0,12323.1,水务,25189.9
2017-06-23,SZE_000605,29.38,29.38,0.0,12323.1,水务,25189.9
2017-06-26,SZE_000605,29.4,29.4,0.0,12323.1,水务,25189.9
2017-06-27,SZE_000605,29.3,29.3,0.0,12323.1,水务,25189.9
2017-06-28,SZE_000605,29.79,29.79,0.0,12323.1,水务,25189.9
2017-06-29,SZE_000605,29.61,29.61,0.0,12323.1,水务,25189.9
2017-06-30,SZE_000605,29.05,29.05,0.0,12322.9,水务,25189.9
2017-07-03,SZE_000605,29.45,29.45,0.0,12322.9,水务,25189.9
2017-07-04,SZE_000605,30.71,30.71,0.0,12322.9,水务,25189.9
2017-07-05,SZE_000605,30.53,30.53,0.0,12322.9,水务,25189.9
2017-07-06,SZE_000605,30.1,30.1,0.0,12322.9,水务,25189.9
2017-07-07,SZE_000605,29.29,29.29,0.0,12322.9,水务,25189.9
2017-07-10,SZE_000605,29.36,29.36,0.0,12322.9,水务,25189.9
2017-07-11,SZE_000605,28.74,28.74,0.0,12322.9,水务,25189.9
2017-07-12,SZE_000605,28.78,28.78,0.0,12322.9,水务,25189.9
2017-07-13,SZE_000605,27.4,27.4,0.0,12322.9,水务,25189.9
2017-07-14,SZE_000605,27.58,27.58,0.0,12322.9,水务,25189.9
2017-07-17,SZE_000605,24.82,24.82,0.0,12322.9,水务,25189.9
2017-07-18,SZE_000605,25.27,25.27,0.0,12322.9,水务,25189.9
2017-07-19,SZE_000605,25.38,25.38,0.0,12322.9,水务,25189.9
2017-07-20,SZE_000605,26.37,26.37,0.0,12322.9,水务,25189.9
2017-07-21,SZE_000605,25.95,25.95,0.0,12322.9,水务,25189.9
2017-07-24,SZE_000605,26.59,26.59,0.0,12322.9,水务,25189.9
2017-07-25,SZE_000605,24.81,24.81,0.0,12322.9,水务,25189.9
2017-07-26,SZE_000605,24.53,24.53,0.0,19498.9,水务,25189.9
2017-07-27,SZE_000605,24.79,24.79,0.0,19498.9,水务,25189.9
2017-07-28,SZE_000605,24.46,24.46,0.0,19498.9,水务,25189.9
2017-07-31,SZE_000605,24.36,24.36,0.0,19498.9,水务,25189.9
2017-08-01,SZE_000605,25.46,25.46,0.0,19498.9,水务,25189.9
2017-08-02,SZE_000605,25.92,25.92,0.0,19498.9,水务,25189.9
2017-08-03,SZE_000605,25.69,25.69,0.0,19498.9,水务,25189.9
2017-08-04,SZE_000605,25.26,25.26,0.0,19498.9,水务,25189.9
2017-08-07,SZE_000605,25.65,25.65,0.0,19498.9,水务,25189.9
2017-08-08,SZE_000605,25.55,25.55,0.0,19498.9,水务,25189.9
2017-08-09,SZE_000605,25.74,25.74,0.0,19498.9,水务,25189.9
2017-08-10,SZE_000605,25.05,25.05,0.0,19498.9,水务,25189.9
2017-08-11,SZE_000605,25.65,25.65,0.0,19498.9,水务,25189.9
2017-08-14,SZE_000605,27.11,27.11,0.0,19498.9,水务,25189.9
2017-08-15,SZE_000605,26.69,26.69,0.0,19498.9,水务,25189.9
2017-08-16,SZE_000605,26.64,26.64,0.0,19498.9,水务,25189.9
2017-08-17,SZE_000605,27.6,27.6,0.0,19498.9,水务,25189.9
2017-08-18,SZE_000605,27.23,27.23,0.0,19498.9,水务,25189.9
2017-08-21,SZE_000605,27.05,27.05,0.0,19498.9,水务,25189.9
2017-08-22,SZE_000605,26.62,26.62,0.0,19498.9,水务,25189.9
2017-08-23,SZE_000605,26.38,26.38,0.0,19498.9,水务,25189.9
2017-08-24,SZE_000605,26.38,26.38,0.0,19498.9,水务,25189.9
2017-08-25,SZE_000605,26.33,26.33,0.0,19498.9,水务,25189.9
2017-08-28,SZE_000605,26.71,26.71,0.0,19498.9,水务,25189.9
2017-08-29,SZE_000605,26.95,26.95,0.0,19498.9,水务,25189.9
2017-08-30,SZE_000605,27.4,27.4,0.0,19498.9,水务,25189.9
2017-08-31,SZE_000605,26.88,26.88,0.0,19498.9,水务,25189.9
2017-09-01,SZE_000605,27.05,27.05,0.0,19498.9,水务,25189.9
2017-09-04,SZE_000605,27.0,27.0,0.0,19498.9,水务,25189.9
2017-09-05,SZE_000605,26.4,26.4,0.0,19498.9,水务,25189.9
2017-09-06,SZE_000605,25.93,25.93,0.0,19498.9,水务,25189.9
2017-09-07,SZE_000605,25.63,25.63,0.0,19498.9,水务,25189.9
2017-09-08,SZE_000605,25.68,25.68,0.0,19498.9,水务,25189.9
2017-09-11,SZE_000605,26.44,26.44,0.0,19498.9,水务,25189.9
2017-09-12,SZE_000605,26.1,26.1,0.0,19498.9,水务,25189.9
2017-09-13,SZE_000605,26.21,26.21,0.0,19498.9,水务,25189.9
2017-09-14,SZE_000605,25.74,25.74,0.0,19498.9,水务,25189.9
2017-09-15,SZE_000605,25.85,25.85,0.0,19498.9,水务,25189.9
2017-09-18,SZE_000605,25.89,25.89,0.0,19498.9,水务,25189.9
2017-09-19,SZE_000605,25.91,25.91,0.0,19498.9,水务,25189.9
2017-09-20,SZE_000605,26.7,26.7,0.0,19498.9,水务,25189.9
2017-09-21,SZE_000605,26.47,26.47,0.0,19498.9,水务,25189.9
2017-09-22,SZE_000605,26.11,26.11,0.0,19498.9,水务,25189.9
2017-09-25,SZE_000605,26.82,26.82,0.0,19498.9,水务,25189.9
2017-09-26,SZE_000605,27.31,27.31,0.0,19498.9,水务,25189.9
2017-09-27,SZE_000605,26.9,26.9,0.0,19498.9,水务,25189.9
2017-09-28,SZE_000605,26.56,26.56,0.0,19498.9,水务,25189.9
2017-09-29,SZE_000605,27.18,27.18,0.0,19498.9,水务,25189.9
2017-10-09,SZE_000605,26.75,26.75,0.0,19498.9,水务,25189.9
2017-10-10,SZE_000605,26.54,26.54,0.0,19498.9,水务,25189.9
2017-10-11,SZE_000605,25.49,25.49,0.0,19498.9,水务,25189.9
2017-10-12,SZE_000605,25.37,25.37,0.0,19498.9,水务,25189.9
2017-10-13,SZE_000605,26.27,26.27,0.0,19498.9,水务,25189.9
2017-10-16,SZE_000605,25.04,25.04,0.0,19498.9,水务,25189.9
2017-10-17,SZE_000605,23.18,23.18,0.0,19498.9,水务,25189.9
2017-10-18,SZE_000605,23.23,23.23,0.0,19498.9,水务,25189.9
2017-10-19,SZE_000605,22.25,22.25,0.0,19498.9,水务,25189.9
2017-10-20,SZE_000605,22.69,22.69,0.0,19498.9,水务,25189.9
2017-10-23,SZE_000605,23.1,23.1,0.0,19498.9,水务,25189.9
2017-10-24,SZE_000605,22.52,22.52,0.0,19498.9,水务,25189.9
2017-10-25,SZE_000605,22.79,22.79,0.0,19498.9,水务,25189.9
2017-10-26,SZE_000605,22.91,22.91,0.0,19498.9,水务,25189.9
2017-10-27,SZE_000605,22.83,22.83,0.0,19498.9,水务,25189.9
2017-10-30,SZE_000605,21.85,21.85,0.0,19498.9,水务,25189.9
2017-10-31,SZE_000605,21.88,21.88,0.0,19498.9,水务,25189.9
2017-11-01,SZE_000605,21.88,21.88,0.0,19498.9,水务,25189.9
2017-11-02,SZE_000605,21.96,21.96,0.0,19498.9,水务,25189.9
2017-11-03,SZE_000605,21.3,21.3,0.0,19498.9,水务,25189.9
2017-11-06,SZE_000605,21.38,21.38,0.0,19498.9,水务,25189.9
2017-11-07,SZE_000605,21.52,21.52,0.0,19498.9,水务,25189.9
